[1 0 0 0 0 0]
[3 0 0 0 0 0]
[7 0 0 0 0 0]
[15  0  0  0  0  0]
[31  0  0  0  0  0]
[63  0  0  0  0  0]
[127   0   0   0   0   0]
[255   0   0   0   0   0]
[511   0   0   0   0   0]
[1023    0    0    0    0    0]
[2047    0    0    0    0    0]
[4095    0    0    0    0    0]
[8191    0    0    0    0    0]
[16383     0     0     0     0     0]
[32767     0     0     0     0     0]
[65535     0     0     0     0     0]
[65535     1     0     0     0     0]
[65535     3     0     0     0     0]
[65535     7     0     0     0     0]
[65535    15     0     0     0     0]
[65535    31     0     0     0     0]
[65535    63     0     0     0     0]
[65535   127     0     0     0     0]
[65535   255     0     0     0     0]
[65535   511     0     0     0     0]
[65535  1023     0     0     0     0]
[65535  2047     0     0     0     0]
[65535  4095     0     0     0     0]
[65535  8191     0     0     0     0]
[65535 16383     0     0     0     0]
[65535 32767     0     0     0     0]
[65535 65535     0     0     0     0]
[65535 65535     1     0     0     0]
[65535 65535     3     0     0     0]
[65535 65535     7     0     0     0]
[65535 65535    15     0     0     0]
[65535 65535    31     0     0     0]
[65535 65535    63     0     0     0]
[65535 65535   127     0     0     0]
[65535 65535   255     0     0     0]
[65535 65535   255     0     0     0]
[65535 65535   255     0     0     0]
[65535 65535   255     0     0     0]
[65535 65535   255     0     0     0]
[65535 65535   255     0     0     0]
[65535 65535   255     0     0     0]
[65535 65535   255     0     0     0]
[65535 65535   255     0     0     0]
[65535 65535   255     0     0     0]
[65535 65535   255     0     0     0]
[65535 65535   255     0     0     0]
[65535 65535   255     0     0     0]
[65535 65535   255     0     0     0]
[65535 65535   255     0     0     0]
[65535 65535   255     0     0     0]
[65535 65535   255     0     0     0]
[65535 65535   255     0     0     0]
[65535 65535   255     0     0     0]
[65535 65535   255     0     0     0]
[65535 65535   255     0     0     0]
[65535 65535   255     0     0     0]
[65535 65535   255     0     0     0]
[65535 65535   255     0     0     0]
[65535 65535   255     0     0     0]
[65535 65535   255     0     0     0]
[65535 65535   255     0     0     0]
[65535 65535   255     0     0     0]
[65535 65535   255     0     0     0]
[65535 65535   255     0     0     0]
[65535 65535   255     0     0     0]
[65535 65535   255     0     0     0]
[65535 65535   255     0     0     0]
[65535 65535   255     0     0     0]
[65535 65535   255     0     0     0]
[65535 65535   255     0     0     0]
[65535 65535   255     0     0     0]
[65535 65535   255     0     0     0]
[65535 65535   255     0     0     0]
[65535 65535   255     0     0     0]
