0
1000
1001
1002
1006
1007
1008
1012
1013
1014
1018
1019
1020
1024
1025
1026
1030
2000
2001
2002
2024
2025
2026
2048
2049
2050
2072
2073
2074
2096
2097
2098
2120
2121
2122
2144
2145
2146
2168
2169
2170
2192
2193
2194
2216
2217
2218
2240
2241
2242
2264
2265
2266
2288
2289
2290
2312
2313
2314
2336
2337
2338
2360
2361
2362
2384
2385
2386
2408
2409
2410
2432
2433
2434
2456
2457
2458
2480
2481
2482
2504
2505
2506
2528
2529
2530
2552
2553
2554
2576
2577
2578
2600
2601
2602
2624
2625
2626
2648
2649
2650
2672
2673
2674
2696
2697
2698
2720
2721
2722
2744
2745
2746
2768
2769
2770
2792
2793
2794
2816
2817
2818
2840
2841
2842
2864
2865
2866
2888
2889
2890
2912
2913
2914
2936
2937
2938
2960
2961
2962
2984
2985
2986
3008
3009
3010
3032
3033
3034
3056
3057
3058
3080
3081
3082
3104
3105
3106
3128
3129
3130
3152
3153
3154
3176
3177
3178
3200
3201
3202
3224
3225
3226
3248
3249
3250
3272
3273
3274
3296
3297
3298
3320
3321
3322
3344
3345
3346
3368
3369
3370
3392
3393
3394
3416
3417
3418
3440
3441
3442
3464
3465
3466
3488
3489
3490
3512
3513
3514
3536
3537
3538
3560
3561
3562
3584
3585
3586
3608
3609
3610
3632
3633
3634
3656
3657
3658
3680
3681
3682
3704
3705
3706
3728
3729
3730
3752
3753
3754
3776
3777
3778
3800
3801
3802
3824
3825
3826
3848
3849
3850
3872
3873
3874
3896
3897
3898
3920
3921
3922
3944
3945
3946
3968
3969
3970
3992
3993
3994
4016
4017
4018
4040
4041
4042
4064
4065
4066
4088
4089
4090
4112
4113
4114
4136
4137
4138
4160
4161
4162
4184
4185
4186
4208
4209
4210
4232
4233
4234
4256
4257
4258
4280
4281
4282
4304
4305
4306
4328
4329
4330
4352
4353
4354
4376
4377
4378
4400
4401
4402
4424
4425
4426
4448
4449
4450
4472
4473
4474
4496
4497
4498
4520
4521
4522
4544
4545
4546
4568
4569
4570
4592
4593
4594
4616
4617
4618
4640
4641
4642
4664
4665
4666
4688
4689
4690
4712
4713
4714
4736
4737
4738
4760
4761
4762
4784
4785
4786
4808
4809
4810
4832
4833
4834
4856
4857
4858
4880
4881
4882
4904
4905
4906
4928
4929
4930
4952
4953
4954
4976
4977
4978
5000
5001
5002
5024
5025
5026
5048
5049
5050
5072
5073
5074
5096
5097
5098
5120
5121
5122
5144
5145
5146
5168
5169
5170
5192
5193
5194
5216
5217
5218
5240
5241
5242
5264
5265
5266
5288
5289
5290
5312
5313
5314
5336
5337
5338
5360
5361
5362
5384
5385
5386
5408
5409
5410
5432
5433
5434
5456
5457
5458
5480
5481
5482
5504
5505
5506
5528
5529
5530
5552
5553
5554
5576
5577
5578
5600
5601
5602
5624
5625
5626
5648
5649
5650
5672
5673
5674
5696
5697
5698
5720
5721
5722
5744
5745
5746
5768
5769
5770
5792
5793
5794
5816
5817
5818
5840
5841
5842
5864
5865
5866
5888
5889
5890
5912
5913
5914
5936
5937
5938
5960
5961
5962
5984
5985
5986
6008
6009
6010
6032
6033
6034
6056
6057
6058
6080
6081
6082
6104
6105
6106
6128
6129
6130
6152
6153
6154
6176
6177
6178
6200
6201
6202
6224
6225
6226
6248
6249
6250
6272
6273
6274
6296
6297
6298
6320
6321
6322
6344
6345
6346
6368
6369
6370
6392
6393
6394
6416
6417
6418
6440
6441
6442
6464
6465
6466
6488
6489
6490
6512
6513
6514
6536
6537
6538
6560
6561
6562
6584
6585
6586
6608
6609
6610
6632
6633
6634
6656
6657
6658
6680
6681
6682
6704
6705
6706
6728
6729
6730
6752
6753
6754
6776
6777
6778
6800
6801
6802
6824
6825
6826
6848
6849
6850
6872
6873
6874
6896
6897
6898
6920
6921
6922
6944
6945
6946
6968
6969
6970
6992
6993
6994
7017
7018
7019
7041
7042
7043
7065
7066
7067
7089
7090
7091
7113
7114
7115
7137
7138
7139
7161
7162
7163
7185
7186
7187
7209
7210
7211
7233
7234
7235
7257
7258
7259
7281
7282
7283
7305
7306
7307
7329
7330
7331
7353
7354
7355
7377
7378
7379
7401
7402
7403
7425
7426
7427
7449
7450
7451
7473
7474
7475
7497
7498
7499
7521
7522
7523
7545
7546
7547
7569
7570
7571
7593
7594
7595
7617
7618
7619
7641
7642
7643
7665
7666
7667
7689
7690
7691
7713
7714
7715
7737
7738
7739
7761
7762
7763
7785
7786
7787
7809
7810
7811
7833
7834
7835
7857
7858
7859
7881
7882
7883
7905
7906
7907
7929
7930
7931
7953
7954
7955
7977
7978
7979
8001
8002
8003
8025
8026
8027
8049
8050
8051
8073
8074
8075
8097
8098
8099
8121
8122
8123
8145
8146
8147
8169
8170
8171
8193
8194
8195
8217
8218
8219
8241
8242
8243
8265
8266
8267
8289
8290
8291
8313
8314
8315
8337
8338
8339
8361
8362
8363
8385
8386
8387
8409
8410
8411
8433
8434
8435
8457
8458
8459
8481
8482
8483
8505
8506
8507
8529
8530
8531
8553
8554
8555
8577
8578
8579
8601
8602
8603
8625
8626
8627
8649
8650
8651
8673
8674
8675
8697
8698
8699
8721
8722
8723
8745
8746
8747
8769
8770
8771
8793
8794
8795
8817
8818
8819
8841
8842
8843
8865
8866
8867
8889
8890
8891
8913
8914
8915
8937
8938
8939
8961
8962
8963
8985
8986
8987
9009
9010
9011
9033
9034
9035
9057
9058
9059
9081
9082
9083
9105
9106
9107
9129
9130
9131
9153
9154
9155
9177
9178
9179
9201
9202
9203
9225
9226
9227
9249
9250
9251
9273
9274
9275
9297
9298
9299
9321
9322
9323
9345
9346
9347
9369
9370
9371
9393
9394
9395
9417
9418
9419
9441
9442
9443
9465
9466
9467
9489
9490
9491
9513
9514
9515
9537
9538
9539
9561
9562
9563
9585
9586
9587
9609
9610
9611
9633
9634
9635
9657
9658
9659
9681
9682
9683
9705
9706
9707
9729
9730
9731
9753
9754
9755
9777
9778
9779
9801
9802
9803
9825
9826
9827
9849
9850
9851
9873
9874
9875
9897
9898
9899
9921
9922
9923
9945
9946
9947
9969
9970
9971
9993
9994
9995
10017
10018
10019
10041
10042
10043
10065
10066
10067
10089
10090
10091
10113
10114
10115
10137
10138
10139
10161
10162
10163
10185
10186
10187
10209
10210
10211
10233
10234
10235
10257
10258
10259
10281
10282
10283
10305
10306
10307
10329
10330
10331
10353
10354
10355
10377
10378
10379
10401
10402
10403
10425
10426
10427
10449
10450
10451
10473
10474
10475
10497
10498
10499
10521
10522
10523
10545
10546
10547
10569
10570
10571
10593
10594
10595
10617
10618
10619
10641
10642
10643
10665
10666
10667
10689
10690
10691
10713
10714
10715
10737
10738
10739
10761
10762
10763
10785
10786
10787
10809
10810
10811
10833
10834
10835
10857
10858
10859
10881
10882
10883
10905
10906
10907
10929
10930
10931
10953
10954
10955
10977
10978
10979
11001
11002
11003
11025
11026
11027
11049
11050
11051
11073
11074
11075
11097
11098
11099
11121
11122
11123
11145
11146
11147
11169
11170
11171
11193
11194
11195
11217
11218
11219
11241
11242
11243
11265
11266
11267
11289
11290
11291
11313
11314
11315
11337
11338
11339
11361
11362
11363
11385
11386
11387
11409
11410
11411
11433
11434
11435
11457
11458
11459
11481
11482
11483
11505
11506
11507
11529
11530
11531
11553
11554
11555
11577
11578
11579
11601
11602
11603
11625
11626
11627
11649
11650
11651
11673
11674
11675
11697
11698
11699
11721
11722
11723
11745
11746
11747
11769
11770
11771
11793
11794
11795
11817
11818
11819
11841
11842
11843
11865
11866
11867
11889
11890
11891
11913
11914
11915
11937
11938
11939
11961
11962
11963
11985
11986
11987
12010
12011
12012
12034
12035
12036
12058
12059
12060
12082
12083
12084
12106
12107
12108
12130
12131
12132
12154
12155
12156
12178
12179
12180
12202
12203
12204
12226
12227
12228
12250
12251
12252
12274
12275
12276
12298
12299
12300
12322
12323
12324
12346
12347
12348
12370
12371
12372
12394
12395
12396
12418
12419
12420
12442
12443
12444
12466
12467
12468
12490
12491
12492
12514
12515
12516
12538
12539
12540
12562
12563
12564
12586
12587
12588
12610
12611
12612
12634
12635
12636
12658
12659
12660
12682
12683
12684
12706
12707
12708
12730
12731
12732
12754
12755
12756
12778
12779
12780
12802
12803
12804
12826
12827
12828
12850
12851
12852
12874
12875
12876
12898
12899
12900
12922
12923
12924
12946
12947
12948
12970
12971
12972
12994
12995
12996
13018
13019
13020
13042
13043
13044
13066
13067
13068
13090
13091
13092
13114
13115
13116
13138
13139
13140
13162
13163
13164
13186
13187
13188
13210
13211
13212
13234
13235
13236
13258
13259
13260
13282
13283
13284
13306
13307
13308
13330
13331
13332
13354
13355
13356
13378
13379
13380
13402
13403
13404
13426
13427
13428
13450
13451
13452
13474
13475
13476
13498
13499
13500
13522
13523
13524
13546
13547
13548
13570
13571
13572
13594
13595
13596
13618
13619
13620
13642
13643
13644
13666
13667
13668
13690
13691
13692
13714
13715
13716
13738
13739
13740
13762
13763
13764
13786
13787
13788
13810
13811
13812
13834
13835
13836
13858
13859
13860
13882
13883
13884
13906
13907
13908
13930
13931
13932
13954
13955
13956
13978
13979
13980
14002
14003
14004
14026
14027
14028
14050
14051
14052
14074
14075
14076
14098
14099
14100
14122
14123
14124
14146
14147
14148
14170
14171
14172
14194
14195
14196
14218
14219
14220
14242
14243
14244
14266
14267
14268
14290
14291
14292
14314
14315
14316
14338
14339
14340
14362
14363
14364
14386
14387
14388
14410
14411
14412
14434
14435
14436
14458
14459
14460
14482
14483
14484
14506
14507
14508
14530
14531
14532
14554
14555
14556
14578
14579
14580
14602
14603
14604
14626
14627
14628
14650
14651
14652
14674
14675
14676
14698
14699
14700
14722
14723
14724
14746
14747
14748
14770
14771
14772
14794
14795
14796
14818
14819
14820
14842
14843
14844
14866
14867
14868
14890
14891
14892
14914
14915
14916
14938
14939
14940
14962
14963
14964
14986
14987
14988
15010
15011
15012
15034
15035
15036
15058
15059
15060
15082
15083
15084
15106
15107
15108
15130
15131
15132
15154
15155
15156
15178
15179
15180
15202
15203
15204
15226
15227
15228
15250
15251
15252
15274
15275
15276
15298
15299
15300
15322
15323
15324
15346
15347
15348
15370
15371
15372
15394
15395
15396
15418
15419
15420
15442
15443
15444
15466
15467
15468
15490
15491
15492
15514
15515
15516
15538
15539
15540
15562
15563
15564
15586
15587
15588
15610
15611
15612
15634
15635
15636
15658
15659
15660
15682
15683
15684
15706
15707
15708
15730
15731
15732
15754
15755
15756
15778
15779
15780
15802
15803
15804
15826
15827
15828
15850
15851
15852
15874
15875
15876
15898
15899
15900
15922
15923
15924
15946
15947
15948
15970
15971
15972
15994
15995
15996
16018
16019
16020
16042
16043
16044
16066
16067
16068
16090
16091
16092
16114
16115
16116
16138
16139
16140
16162
16163
16164
16186
16187
16188
16210
16211
16212
16234
16235
16236
16258
16259
16260
16282
16283
16284
16306
16307
16308
16330
16331
16332
16354
16355
16356
16378
16379
16380
16402
16403
16404
16426
16427
16428
16450
16451
16452
16474
16475
16476
16498
16499
16500
16522
16523
16524
16546
16547
16548
16570
16571
16572
16594
16595
16596
16618
16619
16620
16642
16643
16644
16666
16667
16668
16690
16691
16692
16714
16715
16716
16738
16739
16740
16762
16763
16764
16786
16787
16788
16810
16811
16812
16834
16835
16836
16858
16859
16860
16882
16883
16884
16906
16907
16908
16930
16931
16932
16954
16955
16956
16978
16979
16980
17003
17004
17005
17027
17028
17029
17051
17052
17053
17075
17076
17077
17099
17100
17101
17123
17124
17125
17147
17148
17149
17171
17172
17173
17195
17196
17197
17219
17220
17221
17243
17244
17245
17267
17268
17269
17291
17292
17293
17315
17316
17317
17339
17340
17341
17363
17364
17365
17387
17388
17389
17411
17412
17413
17435
17436
17437
17459
17460
17461
17483
17484
17485
17507
17508
17509
17531
17532
17533
17555
17556
17557
17579
17580
17581
17603
17604
17605
17627
17628
17629
17651
17652
17653
17675
17676
17677
17699
17700
17701
17723
17724
17725
17747
17748
17749
17771
17772
17773
17795
17796
17797
17819
17820
17821
17843
17844
17845
17867
17868
17869
17891
17892
17893
17915
17916
17917
17939
17940
17941
17963
17964
17965
17987
17988
17989
18011
18012
18013
18035
18036
18037
18059
18060
18061
18083
18084
18085
18107
18108
18109
18131
18132
18133
18155
18156
18157
18179
18180
18181
18203
18204
18205
18227
18228
18229
18251
18252
18253
18275
18276
18277
18299
18300
18301
18323
18324
18325
18347
18348
18349
18371
18372
18373
18395
18396
18397
18419
18420
18421
18443
18444
18445
18467
18468
18469
18491
18492
18493
18515
18516
18517
18539
18540
18541
18563
18564
18565
18587
18588
18589
18611
18612
18613
18635
18636
18637
18659
18660
18661
18683
18684
18685
18707
18708
18709
18731
18732
18733
18755
18756
18757
18779
18780
18781
18803
18804
18805
18827
18828
18829
18851
18852
18853
18875
18876
18877
18899
18900
18901
18923
18924
18925
18947
18948
18949
18971
18972
18973
18995
18996
18997
19019
19020
19021
19043
19044
19045
19067
19068
19069
19091
19092
19093
19115
19116
19117
19139
19140
19141
19163
19164
19165
19187
19188
19189
19211
19212
19213
19235
19236
19237
19259
19260
19261
19283
19284
19285
19307
19308
19309
19331
19332
19333
19355
19356
19357
19379
19380
19381
19403
19404
19405
19427
19428
19429
19451
19452
19453
19475
19476
19477
19499
19500
19501
19523
19524
19525
19547
19548
19549
19571
19572
19573
19595
19596
19597
19619
19620
19621
19643
19644
19645
19667
19668
19669
19691
19692
19693
19715
19716
19717
19739
19740
19741
19763
19764
19765
19787
19788
19789
19811
19812
19813
19835
19836
19837
19859
19860
19861
19883
19884
19885
19907
19908
19909
19931
19932
19933
19955
19956
19957
19979
19980
19981
20003
20004
20005
20027
20028
20029
20051
20052
20053
20075
20076
20077
20099
20100
20101
20123
20124
20125
20147
20148
20149
20171
20172
20173
20195
20196
20197
20219
20220
20221
20243
20244
20245
20267
20268
20269
20291
20292
20293
20315
20316
20317
20339
20340
20341
20363
20364
20365
20387
20388
20389
20411
20412
20413
20435
20436
20437
20459
20460
20461
20483
20484
20485
20507
20508
20509
20531
20532
20533
20555
20556
20557
20579
20580
20581
20603
20604
20605
20627
20628
20629
20651
20652
20653
20675
20676
20677
20699
20700
20701
20723
20724
20725
20747
20748
20749
20771
20772
20773
20795
20796
20797
20819
20820
20821
20843
20844
20845
20867
20868
20869
20891
20892
20893
20915
20916
20917
20939
20940
20941
20963
20964
20965
20987
20988
20989
21011
21012
21013
21035
21036
21037
21059
21060
21061
21083
21084
21085
21107
21108
21109
21131
21132
21133
21155
21156
21157
21179
21180
21181
21203
21204
21205
21227
21228
21229
21251
21252
21253
21275
21276
21277
21299
21300
21301
21323
21324
21325
21347
21348
21349
21371
21372
21373
21395
21396
21397
21419
21420
21421
21443
21444
21445
21467
21468
21469
21491
21492
21493
21515
21516
21517
21539
21540
21541
21563
21564
21565
21587
21588
21589
21611
21612
21613
21635
21636
21637
21659
21660
21661
21683
21684
21685
21707
21708
21709
21731
21732
21733
21755
21756
21757
21779
21780
21781
21803
21804
21805
21827
21828
21829
21851
21852
21853
21875
21876
21877
21899
21900
21901
21923
21924
21925
21947
21948
21949
21971
21972
21973
21995
21996
21997
22020
22021
22022
22044
22045
22046
22068
22069
22070
22092
22093
22094
22116
22117
22118
22140
22141
22142
22164
22165
22166
22188
22189
22190
22212
22213
22214
22236
22237
22238
22260
22261
22262
22284
22285
22286
22308
22309
22310
22332
22333
22334
22356
22357
22358
22380
22381
22382
22404
22405
22406
22428
22429
22430
22452
22453
22454
22476
22477
22478
22500
22501
22502
22524
22525
22526
22548
22549
22550
22572
22573
22574
22596
22597
22598
22620
22621
22622
22644
22645
22646
22668
22669
22670
22692
22693
22694
22716
22717
22718
22740
22741
22742
22764
22765
22766
22788
22789
22790
22812
22813
22814
22836
22837
22838
22860
22861
22862
22884
22885
22886
22908
22909
22910
22932
22933
22934
22956
22957
22958
22980
22981
22982
23004
23005
23006
23028
23029
23030
23052
23053
23054
23076
23077
23078
23100
23101
23102
23124
23125
23126
23148
23149
23150
23172
23173
23174
23196
23197
23198
23220
23221
23222
23244
23245
23246
23268
23269
23270
23292
23293
23294
23316
23317
23318
23340
23341
23342
23364
23365
23366
23388
23389
23390
23412
23413
23414
23436
23437
23438
23460
23461
23462
23484
23485
23486
23508
23509
23510
23532
23533
23534
23556
23557
23558
23580
23581
23582
23604
23605
23606
23628
23629
23630
23652
23653
23654
23676
23677
23678
23700
23701
23702
23724
23725
23726
23748
23749
23750
23772
23773
23774
23796
23797
23798
23820
23821
23822
23844
23845
23846
23868
23869
23870
23892
23893
23894
23916
23917
23918
23940
23941
23942
23964
23965
23966
23988
23989
23990
24012
24013
24014
24036
24037
24038
24060
24061
24062
24084
24085
24086
24108
24109
24110
24132
24133
24134
24156
24157
24158
24180
24181
24182
24204
24205
24206
24228
24229
24230
24252
24253
24254
24276
24277
24278
24300
24301
24302
24324
24325
24326
24348
24349
24350
24372
24373
24374
24396
24397
24398
24420
24421
24422
24444
24445
24446
24468
24469
24470
24492
24493
24494
24516
24517
24518
24540
24541
24542
24564
24565
24566
24588
24589
24590
24612
24613
24614
24636
24637
24638
24660
24661
24662
24684
24685
24686
24708
24709
24710
24732
24733
24734
24756
24757
24758
24780
24781
24782
24804
24805
24806
24828
24829
24830
24852
24853
24854
24876
24877
24878
24900
24901
24902
24924
24925
24926
24948
24949
24950
24972
24973
24974
24996
24997
24998
25020
25021
25022
25044
25045
25046
25068
25069
25070
25092
25093
25094
25116
25117
25118
25140
25141
25142
25164
25165
25166
25188
25189
25190
25212
25213
25214
25236
25237
25238
25260
25261
25262
25284
25285
25286
25308
25309
25310
25332
25333
25334
25356
25357
25358
25380
25381
25382
25404
25405
25406
25428
25429
25430
25452
25453
25454
25476
25477
25478
25500
25501
25502
25524
25525
25526
25548
25549
25550
25572
25573
25574
25596
25597
25598
25620
25621
25622
25644
25645
25646
25668
25669
25670
25692
25693
25694
25716
25717
25718
25740
25741
25742
25764
25765
25766
25788
25789
25790
25812
25813
25814
25836
25837
25838
25860
25861
25862
25884
25885
25886
25908
25909
25910
25932
25933
25934
25956
25957
25958
25980
25981
25982
26004
26005
26006
26028
26029
26030
26052
26053
26054
26076
26077
26078
26100
26101
26102
26124
26125
26126
26148
26149
26150
26172
26173
26174
26196
26197
26198
26220
26221
26222
26244
26245
26246
26268
26269
26270
26292
26293
26294
26316
26317
26318
26340
26341
26342
26364
26365
26366
26388
26389
26390
26412
26413
26414
26436
26437
26438
26460
26461
26462
26484
26485
26486
26508
26509
26510
26532
26533
26534
26556
26557
26558
26580
26581
26582
26604
26605
26606
26628
26629
26630
26652
26653
26654
26676
26677
26678
26700
26701
26702
26724
26725
26726
26748
26749
26750
26772
26773
26774
26796
26797
26798
26820
26821
26822
26844
26845
26846
26868
26869
26870
26892
26893
26894
26916
26917
26918
26940
26941
26942
26964
26965
26966
26988
26989
26990
27013
27014
27015
27037
27038
27039
27061
27062
27063
27085
27086
27087
27109
27110
27111
27133
27134
27135
27157
27158
27159
27181
27182
27183
27205
27206
27207
27229
27230
27231
27253
27254
27255
27277
27278
27279
27301
27302
27303
27325
27326
27327
27349
27350
27351
27373
27374
27375
27397
27398
27399
27421
27422
27423
27445
27446
27447
27469
27470
27471
27493
27494
27495
27517
27518
27519
27541
27542
27543
27565
27566
27567
27589
27590
27591
27613
27614
27615
27637
27638
27639
27661
27662
27663
27685
27686
27687
27709
27710
27711
27733
27734
27735
27757
27758
27759
27781
27782
27783
27805
27806
27807
27829
27830
27831
27853
27854
27855
27877
27878
27879
27901
27902
27903
27925
27926
27927
27949
27950
27951
27973
27974
27975
27997
27998
27999
28021
28022
28023
28045
28046
28047
28069
28070
28071
28093
28094
28095
28117
28118
28119
28141
28142
28143
28165
28166
28167
28189
28190
28191
28213
28214
28215
28237
28238
28239
28261
28262
28263
28285
28286
28287
28309
28310
28311
28333
28334
28335
28357
28358
28359
28381
28382
28383
28405
28406
28407
28429
28430
28431
28453
28454
28455
28477
28478
28479
28501
28502
28503
28525
28526
28527
28549
28550
28551
28573
28574
28575
28597
28598
28599
28621
28622
28623
28645
28646
28647
28669
28670
28671
28693
28694
28695
28717
28718
28719
28741
28742
28743
28765
28766
28767
28789
28790
28791
28813
28814
28815
28837
28838
28839
28861
28862
28863
28885
28886
28887
28909
28910
28911
28933
28934
28935
28957
28958
28959
28981
28982
28983
29005
29006
29007
29029
29030
29031
29053
29054
29055
29077
29078
29079
29101
29102
29103
29125
29126
29127
29149
29150
29151
29173
29174
29175
29197
29198
29199
29221
29222
29223
29245
29246
29247
29269
29270
29271
29293
29294
29295
29317
29318
29319
29341
29342
29343
29365
29366
29367
29389
29390
29391
29413
29414
29415
29437
29438
29439
29461
29462
29463
29485
29486
29487
29509
29510
29511
29533
29534
29535
29557
29558
29559
29581
29582
29583
29605
29606
29607
29629
29630
29631
29653
29654
29655
29677
29678
29679
29701
29702
29703
29725
29726
29727
29749
29750
29751
29773
29774
29775
29797
29798
29799
29821
29822
29823
29845
29846
29847
29869
29870
29871
29893
29894
29895
29917
29918
29919
29941
29942
29943
29965
29966
29967
29989
29990
29991
30013
30014
30015
30037
30038
30039
30061
30062
30063
30085
30086
30087
30109
30110
30111
30133
30134
30135
30157
30158
30159
30181
30182
30183
30205
30206
30207
30229
30230
30231
30253
30254
30255
30277
30278
30279
30301
30302
30303
30325
30326
30327
30349
30350
30351
30373
30374
30375
30397
30398
30399
30421
30422
30423
30445
30446
30447
30469
30470
30471
30493
30494
30495
30517
30518
30519
30541
30542
30543
30565
30566
30567
30589
30590
30591
30613
30614
30615
30637
30638
30639
30661
30662
30663
30685
30686
30687
30709
30710
30711
30733
30734
30735
30757
30758
30759
30781
30782
30783
30805
30806
30807
30829
30830
30831
30853
30854
30855
30877
30878
30879
30901
30902
30903
30925
30926
30927
30949
30950
30951
30973
30974
30975
30997
30998
30999
31021
31022
31023
31045
31046
31047
31069
31070
31071
31093
31094
31095
31117
31118
31119
31141
31142
31143
31165
31166
31167
31189
31190
31191
31213
31214
31215
31237
31238
31239
31261
31262
31263
31285
31286
31287
31309
31310
31311
31333
31334
31335
31357
31358
31359
31381
31382
31383
31405
31406
31407
31429
31430
31431
31453
31454
31455
31477
31478
31479
31501
31502
31503
31525
31526
31527
31549
31550
31551
31573
31574
31575
31597
31598
31599
31621
31622
31623
31645
31646
31647
31669
31670
31671
31693
31694
31695
31717
31718
31719
31741
31742
31743
31765
31766
31767
31789
31790
31791
31813
31814
31815
31837
31838
31839
31861
31862
31863
31885
31886
31887
31909
31910
31911
31933
31934
31935
31957
31958
31959
31981
31982
31983
32006
32007
32008
32030
32031
32032
32054
32055
32056
32078
32079
32080
32102
32103
32104
32126
32127
32128
32150
32151
32152
32174
32175
32176
32198
32199
32200
32222
32223
32224
32246
32247
32248
32270
32271
32272
32294
32295
32296
32318
32319
32320
32342
32343
32344
32366
32367
32368
32390
32391
32392
32414
32415
32416
32438
32439
32440
32462
32463
32464
32486
32487
32488
32510
32511
32512
32534
32535
32536
32558
32559
32560
32582
32583
32584
32606
32607
32608
32630
32631
32632
32654
32655
32656
32678
32679
32680
32702
32703
32704
32726
32727
32728
32750
32751
32752
32774
32775
32776
32798
32799
32800
32822
32823
32824
32846
32847
32848
32870
32871
32872
32894
32895
32896
32918
32919
32920
32942
32943
32944
32966
32967
32968
32990
32991
32992
33014
33015
33016
33038
33039
33040
33062
33063
33064
33086
33087
33088
33110
33111
33112
33134
33135
33136
33158
33159
33160
33182
33183
33184
33206
33207
33208
33230
33231
33232
33254
33255
33256
33278
33279
33280
33302
33303
33304
33326
33327
33328
33350
33351
33352
33374
33375
33376
33398
33399
33400
33422
33423
33424
33446
33447
33448
33470
33471
33472
33494
33495
33496
33518
33519
33520
33542
33543
33544
33566
33567
33568
33590
33591
33592
33614
33615
33616
33638
33639
33640
33662
33663
33664
33686
33687
33688
33710
33711
33712
33734
33735
33736
33758
33759
33760
33782
33783
33784
33806
33807
33808
33830
33831
33832
33854
33855
33856
33878
33879
33880
33902
33903
33904
33926
33927
33928
33950
33951
33952
33974
33975
33976
33998
33999
34000
34022
34023
34024
34046
34047
34048
34070
34071
34072
34094
34095
34096
34118
34119
34120
34142
34143
34144
34166
34167
34168
34190
34191
34192
34214
34215
34216
34238
34239
34240
34262
34263
34264
34286
34287
34288
34310
34311
34312
34334
34335
34336
34358
34359
34360
34382
34383
34384
34406
34407
34408
34430
34431
34432
34454
34455
34456
34478
34479
34480
34502
34503
34504
34526
34527
34528
34550
34551
34552
34574
34575
34576
34598
34599
34600
34622
34623
34624
34646
34647
34648
34670
34671
34672
34694
34695
34696
34718
34719
34720
34742
34743
34744
34766
34767
34768
34790
34791
34792
34814
34815
34816
34838
34839
34840
34862
34863
34864
34886
34887
34888
34910
34911
34912
34934
34935
34936
34958
34959
34960
34982
34983
34984
35006
35007
35008
35030
35031
35032
35054
35055
35056
35078
35079
35080
35102
35103
35104
35126
35127
35128
35150
35151
35152
35174
35175
35176
35198
35199
35200
35222
35223
35224
35246
35247
35248
35270
35271
35272
35294
35295
35296
35318
35319
35320
35342
35343
35344
35366
35367
35368
35390
35391
35392
35414
35415
35416
35438
35439
35440
35462
35463
35464
35486
35487
35488
35510
35511
35512
35534
35535
35536
35558
35559
35560
35582
35583
35584
35606
35607
35608
35630
35631
35632
35654
35655
35656
35678
35679
35680
35702
35703
35704
35726
35727
35728
35750
35751
35752
35774
35775
35776
35798
35799
35800
35822
35823
35824
35846
35847
35848
35870
35871
35872
35894
35895
35896
35918
35919
35920
35942
35943
35944
35966
35967
35968
35990
35991
35992
36014
36015
36016
36038
36039
36040
36062
36063
36064
36086
36087
36088
36110
36111
36112
36134
36135
36136
36158
36159
36160
36182
36183
36184
36206
36207
36208
36230
36231
36232
36254
36255
36256
36278
36279
36280
36302
36303
36304
36326
36327
36328
36350
36351
36352
36374
36375
36376
36398
36399
36400
36422
36423
36424
36446
36447
36448
36470
36471
36472
36494
36495
36496
36518
36519
36520
36542
36543
36544
36566
36567
36568
36590
36591
36592
36614
36615
36616
36638
36639
36640
36662
36663
36664
36686
36687
36688
36710
36711
36712
36734
36735
36736
36758
36759
36760
36782
36783
36784
36806
36807
36808
36830
36831
36832
36854
36855
36856
36878
36879
36880
36902
36903
36904
36926
36927
36928
36950
36951
36952
36974
36975
36976
36998
36999
37000
37023
37024
37025
37047
37048
37049
37071
37072
37073
37095
37096
37097
37119
37120
37121
37143
37144
37145
37167
37168
37169
37191
37192
37193
37215
37216
37217
37239
37240
37241
37263
37264
37265
37287
37288
37289
37311
37312
37313
37335
37336
37337
37359
37360
37361
37383
37384
37385
37407
37408
37409
37431
37432
37433
37455
37456
37457
37479
37480
37481
37503
37504
37505
37527
37528
37529
37551
37552
37553
37575
37576
37577
37599
37600
37601
37623
37624
37625
37647
37648
37649
37671
37672
37673
37695
37696
37697
37719
37720
37721
37743
37744
37745
37767
37768
37769
37791
37792
37793
37815
37816
37817
37839
37840
37841
37863
37864
37865
37887
37888
37889
37911
37912
37913
37935
37936
37937
37959
37960
37961
37983
37984
37985
38007
38008
38009
38031
38032
38033
38055
38056
38057
38079
38080
38081
38103
38104
38105
38127
38128
38129
38151
38152
38153
38175
38176
38177
38199
38200
38201
38223
38224
38225
38247
38248
38249
38271
38272
38273
38295
38296
38297
38319
38320
38321
38343
38344
38345
38367
38368
38369
38391
38392
38393
38415
38416
38417
38439
38440
38441
38463
38464
38465
38487
38488
38489
38511
38512
38513
38535
38536
38537
38559
38560
38561
38583
38584
38585
38607
38608
38609
38631
38632
38633
38655
38656
38657
38679
38680
38681
38703
38704
38705
38727
38728
38729
38751
38752
38753
38775
38776
38777
38799
38800
38801
38823
38824
38825
38847
38848
38849
38871
38872
38873
38895
38896
38897
38919
38920
38921
38943
38944
38945
38967
38968
38969
38991
38992
38993
39015
39016
39017
39039
39040
39041
39063
39064
39065
39087
39088
39089
39111
39112
39113
39135
39136
39137
39159
39160
39161
39183
39184
39185
39207
39208
39209
39231
39232
39233
39255
39256
39257
39279
39280
39281
39303
39304
39305
39327
39328
39329
39351
39352
39353
39375
39376
39377
39399
39400
39401
39423
39424
39425
39447
39448
39449
39471
39472
39473
39495
39496
39497
39519
39520
39521
39543
39544
39545
39567
39568
39569
39591
39592
39593
39615
39616
39617
39639
39640
39641
39663
39664
39665
39687
39688
39689
39711
39712
39713
39735
39736
39737
39759
39760
39761
39783
39784
39785
39807
39808
39809
39831
39832
39833
39855
39856
39857
39879
39880
39881
39903
39904
39905
39927
39928
39929
39951
39952
39953
39975
39976
39977
39999
40000
40001
40023
40024
40025
40047
40048
40049
40071
40072
40073
40095
40096
40097
40119
40120
40121
40143
40144
40145
40167
40168
40169
40191
40192
40193
40215
40216
40217
40239
40240
40241
40263
40264
40265
40287
40288
40289
40311
40312
40313
40335
40336
40337
40359
40360
40361
40383
40384
40385
40407
40408
40409
40431
40432
40433
40455
40456
40457
40479
40480
40481
40503
40504
40505
40527
40528
40529
40551
40552
40553
40575
40576
40577
40599
40600
40601
40623
40624
40625
40647
40648
40649
40671
40672
40673
40695
40696
40697
40719
40720
40721
40743
40744
40745
40767
40768
40769
40791
40792
40793
40815
40816
40817
40839
40840
40841
40863
40864
40865
40887
40888
40889
40911
40912
40913
40935
40936
40937
40959
40960
40961
40983
40984
40985
41007
41008
41009
41031
41032
41033
41055
41056
41057
41079
41080
41081
41103
41104
41105
41127
41128
41129
41151
41152
41153
41175
41176
41177
41199
41200
41201
41223
41224
41225
41247
41248
41249
41271
41272
41273
41295
41296
41297
41319
41320
41321
41343
41344
41345
41367
41368
41369
41391
41392
41393
41415
41416
41417
41439
41440
41441
41463
41464
41465
41487
41488
41489
41511
41512
41513
41535
41536
41537
41559
41560
41561
41583
41584
41585
41607
41608
41609
41631
41632
41633
41655
41656
41657
41679
41680
41681
41703
41704
41705
41727
41728
41729
41751
41752
41753
41775
41776
41777
41799
41800
41801
41823
41824
41825
41847
41848
41849
41871
41872
41873
41895
41896
41897
41919
41920
41921
41943
41944
41945
41967
41968
41969
41991
41992
41993
42016
42017
42018
42040
42041
42042
42064
42065
42066
42088
42089
42090
42112
42113
42114
42136
42137
42138
42160
42161
42162
42184
42185
42186
42208
42209
42210
42232
42233
42234
42256
42257
42258
42280
42281
42282
42304
42305
42306
42328
42329
42330
42352
42353
42354
42376
42377
42378
42400
42401
42402
42424
42425
42426
42448
42449
42450
42472
42473
42474
42496
42497
42498
42520
42521
42522
42544
42545
42546
42568
42569
42570
42592
42593
42594
42616
42617
42618
42640
42641
42642
42664
42665
42666
42688
42689
42690
42712
42713
42714
42736
42737
42738
42760
42761
42762
42784
42785
42786
42808
42809
42810
42832
42833
42834
42856
42857
42858
42880
42881
42882
42904
42905
42906
42928
42929
42930
42952
42953
42954
42976
42977
42978
43000
43001
43002
43024
43025
43026
43048
43049
43050
43072
43073
43074
43096
43097
43098
43120
43121
43122
43144
43145
43146
43168
43169
43170
43192
43193
43194
43216
43217
43218
43240
43241
43242
43264
43265
43266
43288
43289
43290
43312
43313
43314
43336
43337
43338
43360
43361
43362
43384
43385
43386
43408
43409
43410
43432
43433
43434
43456
43457
43458
43480
43481
43482
43504
43505
43506
43528
43529
43530
43552
43553
43554
43576
43577
43578
43600
43601
43602
43624
43625
43626
43648
43649
43650
43672
43673
43674
43696
43697
43698
43720
43721
43722
43744
43745
43746
43768
43769
43770
43792
43793
43794
43816
43817
43818
43840
43841
43842
43864
43865
43866
43888
43889
43890
43912
43913
43914
43936
43937
43938
43960
43961
43962
43984
43985
43986
44008
44009
44010
44032
44033
44034
44056
44057
44058
44080
44081
44082
44104
44105
44106
44128
44129
44130
44152
44153
44154
44176
44177
44178
44200
44201
44202
44224
44225
44226
44248
44249
44250
44272
44273
44274
44296
44297
44298
44320
44321
44322
44344
44345
44346
44368
44369
44370
44392
44393
44394
44416
44417
44418
44440
44441
44442
44464
44465
44466
44488
44489
44490
44512
44513
44514
44536
44537
44538
44560
44561
44562
44584
44585
44586
44608
44609
44610
44632
44633
44634
44656
44657
44658
44680
44681
44682
44704
44705
44706
44728
44729
44730
44752
44753
44754
44776
44777
44778
44800
44801
44802
44824
44825
44826
44848
44849
44850
44872
44873
44874
44896
44897
44898
44920
44921
44922
44944
44945
44946
44968
44969
44970
44992
44993
44994
45016
45017
45018
45040
45041
45042
45064
45065
45066
45088
45089
45090
45112
45113
45114
45136
45137
45138
45160
45161
45162
45184
45185
45186
45208
45209
45210
45232
45233
45234
45256
45257
45258
45280
45281
45282
45304
45305
45306
45328
45329
45330
45352
45353
45354
45376
45377
45378
45400
45401
45402
45424
45425
45426
45448
45449
45450
45472
45473
45474
45496
45497
45498
45520
45521
45522
45544
45545
45546
45568
45569
45570
45592
45593
45594
45616
45617
45618
45640
45641
45642
45664
45665
45666
45688
45689
45690
45712
45713
45714
45736
45737
45738
45760
45761
45762
45784
45785
45786
45808
45809
45810
45832
45833
45834
45856
45857
45858
45880
45881
45882
45904
45905
45906
45928
45929
45930
45952
45953
45954
45976
45977
45978
46000
46001
46002
46024
46025
46026
46048
46049
46050
46072
46073
46074
46096
46097
46098
46120
46121
46122
46144
46145
46146
46168
46169
46170
46192
46193
46194
46216
46217
46218
46240
46241
46242
46264
46265
46266
46288
46289
46290
46312
46313
46314
46336
46337
46338
46360
46361
46362
46384
46385
46386
46408
46409
46410
46432
46433
46434
46456
46457
46458
46480
46481
46482
46504
46505
46506
46528
46529
46530
46552
46553
46554
46576
46577
46578
46600
46601
46602
46624
46625
46626
46648
46649
46650
46672
46673
46674
46696
46697
46698
46720
46721
46722
46744
46745
46746
46768
46769
46770
46792
46793
46794
46816
46817
46818
46840
46841
46842
46864
46865
46866
46888
46889
46890
46912
46913
46914
46936
46937
46938
46960
46961
46962
46984
46985
46986
47009
47010
47011
47033
47034
47035
47057
47058
47059
47081
47082
47083
47105
47106
47107
47129
47130
47131
47153
47154
47155
47177
47178
47179
47201
47202
47203
47225
47226
47227
47249
47250
47251
47273
47274
47275
47297
47298
47299
47321
47322
47323
47345
47346
47347
47369
47370
47371
47393
47394
47395
47417
47418
47419
47441
47442
47443
47465
47466
47467
47489
47490
47491
47513
47514
47515
47537
47538
47539
47561
47562
47563
47585
47586
47587
47609
47610
47611
47633
47634
47635
47657
47658
47659
47681
47682
47683
47705
47706
47707
47729
47730
47731
47753
47754
47755
47777
47778
47779
47801
47802
47803
47825
47826
47827
47849
47850
47851
47873
47874
47875
47897
47898
47899
47921
47922
47923
47945
47946
47947
47969
47970
47971
47993
47994
47995
48017
48018
48019
48041
48042
48043
48065
48066
48067
48089
48090
48091
48113
48114
48115
48137
48138
48139
48161
48162
48163
48185
48186
48187
48209
48210
48211
48233
48234
48235
48257
48258
48259
48281
48282
48283
48305
48306
48307
48329
48330
48331
48353
48354
48355
48377
48378
48379
48401
48402
48403
48425
48426
48427
48449
48450
48451
48473
48474
48475
48497
48498
48499
48521
48522
48523
48545
48546
48547
48569
48570
48571
48593
48594
48595
48617
48618
48619
48641
48642
48643
48665
48666
48667
48689
48690
48691
48713
48714
48715
48737
48738
48739
48761
48762
48763
48785
48786
48787
48809
48810
48811
48833
48834
48835
48857
48858
48859
48881
48882
48883
48905
48906
48907
48929
48930
48931
48953
48954
48955
48977
48978
48979
49001
49002
49003
49025
49026
49027
49049
49050
49051
49073
49074
49075
49097
49098
49099
49121
49122
49123
49145
49146
49147
49169
49170
49171
49193
49194
49195
49217
49218
49219
49241
49242
49243
49265
49266
49267
49289
49290
49291
49313
49314
49315
49337
49338
49339
49361
49362
49363
49385
49386
49387
49409
49410
49411
49433
49434
49435
49457
49458
49459
49481
49482
49483
49505
49506
49507
49529
49530
49531
49553
49554
49555
49577
49578
49579
49601
49602
49603
49625
49626
49627
49649
49650
49651
49673
49674
49675
49697
49698
49699
49721
49722
49723
49745
49746
49747
49769
49770
49771
49793
49794
49795
49817
49818
49819
49841
49842
49843
49865
49866
49867
49889
49890
49891
49913
49914
49915
49937
49938
49939
49961
49962
49963
49985
49986
49987
50009
50010
50011
50033
50034
50035
50057
50058
50059
50081
50082
50083
50105
50106
50107
50129
50130
50131
50153
50154
50155
50177
50178
50179
50201
50202
50203
50225
50226
50227
50249
50250
50251
50273
50274
50275
50297
50298
50299
50321
50322
50323
50345
50346
50347
50369
50370
50371
50393
50394
50395
50417
50418
50419
50441
50442
50443
50465
50466
50467
50489
50490
50491
50513
50514
50515
50537
50538
50539
50561
50562
50563
50585
50586
50587
50609
50610
50611
50633
50634
50635
50657
50658
50659
50681
50682
50683
50705
50706
50707
50729
50730
50731
50753
50754
50755
50777
50778
50779
50801
50802
50803
50825
50826
50827
50849
50850
50851
50873
50874
50875
50897
50898
50899
50921
50922
50923
50945
50946
50947
50969
50970
50971
50993
50994
50995
51017
51018
51019
51041
51042
51043
51065
51066
51067
51089
51090
51091
51113
51114
51115
51137
51138
51139
51161
51162
51163
51185
51186
51187
51209
51210
51211
51233
51234
51235
51257
51258
51259
51281
51282
51283
51305
51306
51307
51329
51330
51331
51353
51354
51355
51377
51378
51379
51401
51402
51403
51425
51426
51427
51449
51450
51451
51473
51474
51475
51497
51498
51499
51521
51522
51523
51545
51546
51547
51569
51570
51571
51593
51594
51595
51617
51618
51619
51641
51642
51643
51665
51666
51667
51689
51690
51691
51713
51714
51715
51737
51738
51739
51761
51762
51763
51785
51786
51787
51809
51810
51811
51833
51834
51835
51857
51858
51859
51881
51882
51883
51905
51906
51907
51929
51930
51931
51953
51954
51955
51977
51978
51979
52002
52003
52004
52026
52027
52028
52050
52051
52052
52074
52075
52076
52098
52099
52100
52122
52123
52124
52146
52147
52148
52170
52171
52172
52194
52195
52196
52218
52219
52220
52242
52243
52244
52266
52267
52268
52290
52291
52292
52314
52315
52316
52338
52339
52340
52362
52363
52364
52386
52387
52388
52410
52411
52412
52434
52435
52436
52458
52459
52460
52482
52483
52484
52506
52507
52508
52530
52531
52532
52554
52555
52556
52578
52579
52580
52602
52603
52604
52626
52627
52628
52650
52651
52652
52674
52675
52676
52698
52699
52700
52722
52723
52724
52746
52747
52748
52770
52771
52772
52794
52795
52796
52818
52819
52820
52842
52843
52844
52866
52867
52868
52890
52891
52892
52914
52915
52916
52938
52939
52940
52962
52963
52964
52986
52987
52988
53010
53011
53012
53034
53035
53036
53058
53059
53060
53082
53083
53084
53106
53107
53108
53130
53131
53132
53154
53155
53156
53178
53179
53180
53202
53203
53204
53226
53227
53228
53250
53251
53252
53274
53275
53276
53298
53299
53300
53322
53323
53324
53346
53347
53348
53370
53371
53372
53394
53395
53396
53418
53419
53420
53442
53443
53444
53466
53467
53468
53490
53491
53492
53514
53515
53516
53538
53539
53540
53562
53563
53564
53586
53587
53588
53610
53611
53612
53634
53635
53636
53658
53659
53660
53682
53683
53684
53706
53707
53708
53730
53731
53732
53754
53755
53756
53778
53779
53780
53802
53803
53804
53826
53827
53828
53850
53851
53852
53874
53875
53876
53898
53899
53900
53922
53923
53924
53946
53947
53948
53970
53971
53972
53994
53995
53996
54018
54019
54020
54042
54043
54044
54066
54067
54068
54090
54091
54092
54114
54115
54116
54138
54139
54140
54162
54163
54164
54186
54187
54188
54210
54211
54212
54234
54235
54236
54258
54259
54260
54282
54283
54284
54306
54307
54308
54330
54331
54332
54354
54355
54356
54378
54379
54380
54402
54403
54404
54426
54427
54428
54450
54451
54452
54474
54475
54476
54498
54499
54500
54522
54523
54524
54546
54547
54548
54570
54571
54572
54594
54595
54596
54618
54619
54620
54642
54643
54644
54666
54667
54668
54690
54691
54692
54714
54715
54716
54738
54739
54740
54762
54763
54764
54786
54787
54788
54810
54811
54812
54834
54835
54836
54858
54859
54860
54882
54883
54884
54906
54907
54908
54930
54931
54932
54954
54955
54956
54978
54979
54980
55002
55003
55004
55026
55027
55028
55050
55051
55052
55074
55075
55076
55098
55099
55100
55122
55123
55124
55146
55147
55148
55170
55171
55172
55194
55195
55196
55218
55219
55220
55242
55243
55244
55266
55267
55268
55290
55291
55292
55314
55315
55316
55338
55339
55340
55362
55363
55364
55386
55387
55388
55410
55411
55412
55434
55435
55436
55458
55459
55460
55482
55483
55484
55506
55507
55508
55530
55531
55532
55554
55555
55556
55578
55579
55580
55602
55603
55604
55626
55627
55628
55650
55651
55652
55674
55675
55676
55698
55699
55700
55722
55723
55724
55746
55747
55748
55770
55771
55772
55794
55795
55796
55818
55819
55820
55842
55843
55844
55866
55867
55868
55890
55891
55892
55914
55915
55916
55938
55939
55940
55962
55963
55964
55986
55987
55988
56010
56011
56012
56034
56035
56036
56058
56059
56060
56082
56083
56084
56106
56107
56108
56130
56131
56132
56154
56155
56156
56178
56179
56180
56202
56203
56204
56226
56227
56228
56250
56251
56252
56274
56275
56276
56298
56299
56300
56322
56323
56324
56346
56347
56348
56370
56371
56372
56394
56395
56396
56418
56419
56420
56442
56443
56444
56466
56467
56468
56490
56491
56492
56514
56515
56516
56538
56539
56540
56562
56563
56564
56586
56587
56588
56610
56611
56612
56634
56635
56636
56658
56659
56660
56682
56683
56684
56706
56707
56708
56730
56731
56732
56754
56755
56756
56778
56779
56780
56802
56803
56804
56826
56827
56828
56850
56851
56852
56874
56875
56876
56898
56899
56900
56922
56923
56924
56946
56947
56948
56970
56971
56972
56994
56995
56996
57019
57020
57021
57043
57044
57045
57067
57068
57069
57091
57092
57093
57115
57116
57117
57139
57140
57141
57163
57164
57165
57187
57188
57189
57211
57212
57213
57235
57236
57237
57259
57260
57261
57283
57284
57285
57307
57308
57309
57331
57332
57333
57355
57356
57357
57379
57380
57381
57403
57404
57405
57427
57428
57429
57451
57452
57453
57475
57476
57477
57499
57500
57501
57523
57524
57525
57547
57548
57549
57571
57572
57573
57595
57596
57597
57619
57620
57621
57643
57644
57645
57667
57668
57669
57691
57692
57693
57715
57716
57717
57739
57740
57741
57763
57764
57765
57787
57788
57789
57811
57812
57813
57835
57836
57837
57859
57860
57861
57883
57884
57885
57907
57908
57909
57931
57932
57933
57955
57956
57957
57979
57980
57981
58003
58004
58005
58027
58028
58029
58051
58052
58053
58075
58076
58077
58099
58100
58101
58123
58124
58125
58147
58148
58149
58171
58172
58173
58195
58196
58197
58219
58220
58221
58243
58244
58245
58267
58268
58269
58291
58292
58293
58315
58316
58317
58339
58340
58341
58363
58364
58365
58387
58388
58389
58411
58412
58413
58435
58436
58437
58459
58460
58461
58483
58484
58485
58507
58508
58509
58531
58532
58533
58555
58556
58557
58579
58580
58581
58603
58604
58605
58627
58628
58629
58651
58652
58653
58675
58676
58677
58699
58700
58701
58723
58724
58725
58747
58748
58749
58771
58772
58773
58795
58796
58797
58819
58820
58821
58843
58844
58845
58867
58868
58869
58891
58892
58893
58915
58916
58917
58939
58940
58941
58963
58964
58965
58987
58988
58989
59011
59012
59013
59035
59036
59037
59059
59060
59061
59083
59084
59085
59107
59108
59109
59131
59132
59133
59155
59156
59157
59179
59180
59181
59203
59204
59205
59227
59228
59229
59251
59252
59253
59275
59276
59277
59299
59300
59301
59323
59324
59325
59347
59348
59349
59371
59372
59373
59395
59396
59397
59419
59420
59421
59443
59444
59445
59467
59468
59469
59491
59492
59493
59515
59516
59517
59539
59540
59541
59563
59564
59565
59587
59588
59589
59611
59612
59613
59635
59636
59637
59659
59660
59661
59683
59684
59685
59707
59708
59709
59731
59732
59733
59755
59756
59757
59779
59780
59781
59803
59804
59805
59827
59828
59829
59851
59852
59853
59875
59876
59877
59899
59900
59901
59923
59924
59925
59947
59948
59949
59971
59972
59973
59995
59996
59997
60019
60020
60021
60043
60044
60045
60067
60068
60069
60091
60092
60093
60115
60116
60117
60139
60140
60141
60163
60164
60165
60187
60188
60189
60211
60212
60213
60235
60236
60237
60259
60260
60261
60283
60284
60285
60307
60308
60309
60331
60332
60333
60355
60356
60357
60379
60380
60381
60403
60404
60405
60427
60428
60429
60451
60452
60453
60475
60476
60477
60499
60500
60501
60523
60524
60525
60547
60548
60549
60571
60572
60573
60595
60596
60597
60619
60620
60621
60643
60644
60645
60667
60668
60669
60691
60692
60693
60715
60716
60717
60739
60740
60741
60763
60764
60765
60787
60788
60789
60811
60812
60813
60835
60836
60837
60859
60860
60861
60883
60884
60885
60907
60908
60909
60931
60932
60933
60955
60956
60957
60979
60980
60981
61003
61004
61005
61027
61028
61029
61051
61052
61053
61075
61076
61077
61099
61100
61101
61123
61124
61125
61147
61148
61149
61171
61172
61173
61195
61196
61197
61219
61220
61221
61243
61244
61245
61267
61268
61269
61291
61292
61293
61315
61316
61317
61339
61340
61341
61363
61364
61365
61387
61388
61389
61411
61412
61413
61435
61436
61437
61459
61460
61461
61483
61484
61485
61507
61508
61509
61531
61532
61533
61555
61556
61557
61579
61580
61581
61603
61604
61605
61627
61628
61629
61651
61652
61653
61675
61676
61677
61699
61700
61701
61723
61724
61725
61747
61748
61749
61771
61772
61773
61795
61796
61797
61819
61820
61821
61843
61844
61845
61867
61868
61869
61891
61892
61893
61915
61916
61917
61939
61940
61941
61963
61964
61965
61987
61988
61989
62012
62013
62014
62036
62037
62038
62060
62061
62062
62084
62085
62086
62108
62109
62110
62132
62133
62134
62156
62157
62158
62180
62181
62182
62204
62205
62206
62228
62229
62230
62252
62253
62254
62276
62277
62278
62300
62301
62302
62324
62325
62326
62348
62349
62350
62372
62373
62374
62396
62397
62398
62420
62421
62422
62444
62445
62446
62468
62469
62470
62492
62493
62494
62516
62517
62518
62540
62541
62542
62564
62565
62566
62588
62589
62590
62612
62613
62614
62636
62637
62638
62660
62661
62662
62684
62685
62686
62708
62709
62710
62732
62733
62734
62756
62757
62758
62780
62781
62782
62804
62805
62806
62828
62829
62830
62852
62853
62854
62876
62877
62878
62900
62901
62902
62924
62925
62926
62948
62949
62950
62972
62973
62974
62996
62997
62998
63020
63021
63022
63044
63045
63046
63068
63069
63070
63092
63093
63094
63116
63117
63118
63140
63141
63142
63164
63165
63166
63188
63189
63190
63212
63213
63214
63236
63237
63238
63260
63261
63262
63284
63285
63286
63308
63309
63310
63332
63333
63334
63356
63357
63358
63380
63381
63382
63404
63405
63406
63428
63429
63430
63452
63453
63454
63476
63477
63478
63500
63501
63502
63524
63525
63526
63548
63549
63550
63572
63573
63574
63596
63597
63598
63620
63621
63622
63644
63645
63646
63668
63669
63670
63692
63693
63694
63716
63717
63718
63740
63741
63742
63764
63765
63766
63788
63789
63790
63812
63813
63814
63836
63837
63838
63860
63861
63862
63884
63885
63886
63908
63909
63910
63932
63933
63934
63956
63957
63958
63980
63981
63982
64004
64005
64006
64028
64029
64030
64052
64053
64054
64076
64077
64078
64100
64101
64102
64124
64125
64126
64148
64149
64150
64172
64173
64174
64196
64197
64198
64220
64221
64222
64244
64245
64246
64268
64269
64270
64292
64293
64294
64316
64317
64318
64340
64341
64342
64364
64365
64366
64388
64389
64390
64412
64413
64414
64436
64437
64438
64460
64461
64462
64484
64485
64486
64508
64509
64510
64532
64533
64534
64556
64557
64558
64580
64581
64582
64604
64605
64606
64628
64629
64630
64652
64653
64654
64676
64677
64678
64700
64701
64702
64724
64725
64726
64748
64749
64750
64772
64773
64774
64796
64797
64798
64820
64821
64822
64844
64845
64846
64868
64869
64870
64892
64893
64894
64916
64917
64918
64940
64941
64942
64964
64965
64966
64988
64989
64990
65012
65013
65014
65036
65037
65038
65060
65061
65062
65084
65085
65086
65108
65109
65110
65132
65133
65134
65156
65157
65158
65180
65181
65182
65204
65205
65206
65228
65229
65230
65252
65253
65254
65276
65277
65278
65300
65301
65302
65324
65325
65326
65348
65349
65350
65372
65373
65374
65396
65397
65398
65420
65421
65422
65444
65445
65446
65468
65469
65470
65492
65493
65494
65516
65517
65518
65540
65541
65542
65564
65565
65566
65588
65589
65590
65612
65613
65614
65636
65637
65638
65660
65661
65662
65684
65685
65686
65708
65709
65710
65732
65733
65734
65756
65757
65758
65780
65781
65782
65804
65805
65806
65828
65829
65830
65852
65853
65854
65876
65877
65878
65900
65901
65902
65924
65925
65926
65948
65949
65950
65972
65973
65974
65996
65997
65998
66020
66021
66022
66044
66045
66046
66068
66069
66070
66092
66093
66094
66116
66117
66118
66140
66141
66142
66164
66165
66166
66188
66189
66190
66212
66213
66214
66236
66237
66238
66260
66261
66262
66284
66285
66286
66308
66309
66310
66332
66333
66334
66356
66357
66358
66380
66381
66382
66404
66405
66406
66428
66429
66430
66452
66453
66454
66476
66477
66478
66500
66501
66502
66524
66525
66526
66548
66549
66550
66572
66573
66574
66596
66597
66598
66620
66621
66622
66644
66645
66646
66668
66669
66670
66692
66693
66694
66716
66717
66718
66740
66741
66742
66764
66765
66766
66788
66789
66790
66812
66813
66814
66836
66837
66838
66860
66861
66862
66884
66885
66886
66908
66909
66910
66932
66933
66934
66956
66957
66958
66980
66981
66982
67005
67006
67007
67029
67030
67031
67053
67054
67055
67077
67078
67079
67101
67102
67103
67125
67126
67127
67149
67150
67151
67173
67174
67175
67197
67198
67199
67221
67222
67223
67245
67246
67247
67269
67270
67271
67293
67294
67295
67317
67318
67319
67341
67342
67343
67365
67366
67367
67389
67390
67391
67413
67414
67415
67437
67438
67439
67461
67462
67463
67485
67486
67487
67509
67510
67511
67533
67534
67535
67557
67558
67559
67581
67582
67583
67605
67606
67607
67629
67630
67631
67653
67654
67655
67677
67678
67679
67701
67702
67703
67725
67726
67727
67749
67750
67751
67773
67774
67775
67797
67798
67799
67821
67822
67823
67845
67846
67847
67869
67870
67871
67893
67894
67895
67917
67918
67919
67941
67942
67943
67965
67966
67967
67989
67990
67991
68013
68014
68015
68037
68038
68039
68061
68062
68063
68085
68086
68087
68109
68110
68111
68133
68134
68135
68157
68158
68159
68181
68182
68183
68205
68206
68207
68229
68230
68231
68253
68254
68255
68277
68278
68279
68301
68302
68303
68325
68326
68327
68349
68350
68351
68373
68374
68375
68397
68398
68399
68421
68422
68423
68445
68446
68447
68469
68470
68471
68493
68494
68495
68517
68518
68519
68541
68542
68543
68565
68566
68567
68589
68590
68591
68613
68614
68615
68637
68638
68639
68661
68662
68663
68685
68686
68687
68709
68710
68711
68733
68734
68735
68757
68758
68759
68781
68782
68783
68805
68806
68807
68829
68830
68831
68853
68854
68855
68877
68878
68879
68901
68902
68903
68925
68926
68927
68949
68950
68951
68973
68974
68975
68997
68998
68999
69021
69022
69023
69045
69046
69047
69069
69070
69071
69093
69094
69095
69117
69118
69119
69141
69142
69143
69165
69166
69167
69189
69190
69191
69213
69214
69215
69237
69238
69239
69261
69262
69263
69285
69286
69287
69309
69310
69311
69333
69334
69335
69357
69358
69359
69381
69382
69383
69405
69406
69407
69429
69430
69431
69453
69454
69455
69477
69478
69479
69501
69502
69503
69525
69526
69527
69549
69550
69551
69573
69574
69575
69597
69598
69599
69621
69622
69623
69645
69646
69647
69669
69670
69671
69693
69694
69695
69717
69718
69719
69741
69742
69743
69765
69766
69767
69789
69790
69791
69813
69814
69815
69837
69838
69839
69861
69862
69863
69885
69886
69887
69909
69910
69911
69933
69934
69935
69957
69958
69959
69981
69982
69983
70005
70006
70007
70029
70030
70031
70053
70054
70055
70077
70078
70079
70101
70102
70103
70125
70126
70127
70149
70150
70151
70173
70174
70175
70197
70198
70199
70221
70222
70223
70245
70246
70247
70269
70270
70271
70293
70294
70295
70317
70318
70319
70341
70342
70343
70365
70366
70367
70389
70390
70391
70413
70414
70415
70437
70438
70439
70461
70462
70463
70485
70486
70487
70509
70510
70511
70533
70534
70535
70557
70558
70559
70581
70582
70583
70605
70606
70607
70629
70630
70631
70653
70654
70655
70677
70678
70679
70701
70702
70703
70725
70726
70727
70749
70750
70751
70773
70774
70775
70797
70798
70799
70821
70822
70823
70845
70846
70847
70869
70870
70871
70893
70894
70895
70917
70918
70919
70941
70942
70943
70965
70966
70967
70989
70990
70991
71013
71014
71015
71037
71038
71039
71061
71062
71063
71085
71086
71087
71109
71110
71111
71133
71134
71135
71157
71158
71159
71181
71182
71183
71205
71206
71207
71229
71230
71231
71253
71254
71255
71277
71278
71279
71301
71302
71303
71325
71326
71327
71349
71350
71351
71373
71374
71375
71397
71398
71399
71421
71422
71423
71445
71446
71447
71469
71470
71471
71493
71494
71495
71517
71518
71519
71541
71542
71543
71565
71566
71567
71589
71590
71591
71613
71614
71615
71637
71638
71639
71661
71662
71663
71685
71686
71687
71709
71710
71711
71733
71734
71735
71757
71758
71759
71781
71782
71783
71805
71806
71807
71829
71830
71831
71853
71854
71855
71877
71878
71879
71901
71902
71903
71925
71926
71927
71949
71950
71951
71973
71974
71975
71997
71998
71999
72022
72023
72024
72046
72047
72048
72070
72071
72072
72094
72095
72096
72118
72119
72120
72142
72143
72144
72166
72167
72168
72190
72191
72192
72214
72215
72216
72238
72239
72240
72262
72263
72264
72286
72287
72288
72310
72311
72312
72334
72335
72336
72358
72359
72360
72382
72383
72384
72406
72407
72408
72430
72431
72432
72454
72455
72456
72478
72479
72480
72502
72503
72504
72526
72527
72528
72550
72551
72552
72574
72575
72576
72598
72599
72600
72622
72623
72624
72646
72647
72648
72670
72671
72672
72694
72695
72696
72718
72719
72720
72742
72743
72744
72766
72767
72768
72790
72791
72792
72814
72815
72816
72838
72839
72840
72862
72863
72864
72886
72887
72888
72910
72911
72912
72934
72935
72936
72958
72959
72960
72982
72983
72984
73006
73007
73008
73030
73031
73032
73054
73055
73056
73078
73079
73080
73102
73103
73104
73126
73127
73128
73150
73151
73152
73174
73175
73176
73198
73199
73200
73222
73223
73224
73246
73247
73248
73270
73271
73272
73294
73295
73296
73318
73319
73320
73342
73343
73344
73366
73367
73368
73390
73391
73392
73414
73415
73416
73438
73439
73440
73462
73463
73464
73486
73487
73488
73510
73511
73512
73534
73535
73536
73558
73559
73560
73582
73583
73584
73606
73607
73608
73630
73631
73632
73654
73655
73656
73678
73679
73680
73702
73703
73704
73726
73727
73728
73750
73751
73752
73774
73775
73776
73798
73799
73800
73822
73823
73824
73846
73847
73848
73870
73871
73872
73894
73895
73896
73918
73919
73920
73942
73943
73944
73966
73967
73968
73990
73991
73992
74014
74015
74016
74038
74039
74040
74062
74063
74064
74086
74087
74088
74110
74111
74112
74134
74135
74136
74158
74159
74160
74182
74183
74184
74206
74207
74208
74230
74231
74232
74254
74255
74256
74278
74279
74280
74302
74303
74304
74326
74327
74328
74350
74351
74352
74374
74375
74376
74398
74399
74400
74422
74423
74424
74446
74447
74448
74470
74471
74472
74494
74495
74496
74518
74519
74520
74542
74543
74544
74566
74567
74568
74590
74591
74592
74614
74615
74616
74638
74639
74640
74662
74663
74664
74686
74687
74688
74710
74711
74712
74734
74735
74736
74758
74759
74760
74782
74783
74784
74806
74807
74808
74830
74831
74832
74854
74855
74856
74878
74879
74880
74902
74903
74904
74926
74927
74928
74950
74951
74952
74974
74975
74976
74998
74999
75000
75022
75023
75024
75046
75047
75048
75070
75071
75072
75094
75095
75096
75118
75119
75120
75142
75143
75144
75166
75167
75168
75190
75191
75192
75214
75215
75216
75238
75239
75240
75262
75263
75264
75286
75287
75288
75310
75311
75312
75334
75335
75336
75358
75359
75360
75382
75383
75384
75406
75407
75408
75430
75431
75432
75454
75455
75456
75478
75479
75480
75502
75503
75504
75526
75527
75528
75550
75551
75552
75574
75575
75576
75598
75599
75600
75622
75623
75624
75646
75647
75648
75670
75671
75672
75694
75695
75696
75718
75719
75720
75742
75743
75744
75766
75767
75768
75790
75791
75792
75814
75815
75816
75838
75839
75840
75862
75863
75864
75886
75887
75888
75910
75911
75912
75934
75935
75936
75958
75959
75960
75982
75983
75984
76006
76007
76008
76030
76031
76032
76054
76055
76056
76078
76079
76080
76102
76103
76104
76126
76127
76128
76150
76151
76152
76174
76175
76176
76198
76199
76200
76222
76223
76224
76246
76247
76248
76270
76271
76272
76294
76295
76296
76318
76319
76320
76342
76343
76344
76366
76367
76368
76390
76391
76392
76414
76415
76416
76438
76439
76440
76462
76463
76464
76486
76487
76488
76510
76511
76512
76534
76535
76536
76558
76559
76560
76582
76583
76584
76606
76607
76608
76630
76631
76632
76654
76655
76656
76678
76679
76680
76702
76703
76704
76726
76727
76728
76750
76751
76752
76774
76775
76776
76798
76799
76800
76822
76823
76824
76846
76847
76848
76870
76871
76872
76894
76895
76896
76918
76919
76920
76942
76943
76944
76966
76967
76968
76990
76991
76992
77015
77016
77017
77039
77040
77041
77063
77064
77065
77087
77088
77089
77111
77112
77113
77135
77136
77137
77159
77160
77161
77183
77184
77185
77207
77208
77209
77231
77232
77233
77255
77256
77257
77279
77280
77281
77303
77304
77305
77327
77328
77329
77351
77352
77353
77375
77376
77377
77399
77400
77401
77423
77424
77425
77447
77448
77449
77471
77472
77473
77495
77496
77497
77519
77520
77521
77543
77544
77545
77567
77568
77569
77591
77592
77593
77615
77616
77617
77639
77640
77641
77663
77664
77665
77687
77688
77689
77711
77712
77713
77735
77736
77737
77759
77760
77761
77783
77784
77785
77807
77808
77809
77831
77832
77833
77855
77856
77857
77879
77880
77881
77903
77904
77905
77927
77928
77929
77951
77952
77953
77975
77976
77977
77999
78000
78001
78023
78024
78025
78047
78048
78049
78071
78072
78073
78095
78096
78097
78119
78120
78121
78143
78144
78145
78167
78168
78169
78191
78192
78193
78215
78216
78217
78239
78240
78241
78263
78264
78265
78287
78288
78289
78311
78312
78313
78335
78336
78337
78359
78360
78361
78383
78384
78385
78407
78408
78409
78431
78432
78433
78455
78456
78457
78479
78480
78481
78503
78504
78505
78527
78528
78529
78551
78552
78553
78575
78576
78577
78599
78600
78601
78623
78624
78625
78647
78648
78649
78671
78672
78673
78695
78696
78697
78719
78720
78721
78743
78744
78745
78767
78768
78769
78791
78792
78793
78815
78816
78817
78839
78840
78841
78863
78864
78865
78887
78888
78889
78911
78912
78913
78935
78936
78937
78959
78960
78961
78983
78984
78985
79007
79008
79009
79031
79032
79033
79055
79056
79057
79079
79080
79081
79103
79104
79105
79127
79128
79129
79151
79152
79153
79175
79176
79177
79199
79200
79201
79223
79224
79225
79247
79248
79249
79271
79272
79273
79295
79296
79297
79319
79320
79321
79343
79344
79345
79367
79368
79369
79391
79392
79393
79415
79416
79417
79439
79440
79441
79463
79464
79465
79487
79488
79489
79511
79512
79513
79535
79536
79537
79559
79560
79561
79583
79584
79585
79607
79608
79609
79631
79632
79633
79655
79656
79657
79679
79680
79681
79703
79704
79705
79727
79728
79729
79751
79752
79753
79775
79776
79777
79799
79800
79801
79823
79824
79825
79847
79848
79849
79871
79872
79873
79895
79896
79897
79919
79920
79921
79943
79944
79945
79967
79968
79969
79991
79992
79993
80015
80016
80017
80039
80040
80041
80063
80064
80065
80087
80088
80089
80111
80112
80113
80135
80136
80137
80159
80160
80161
80183
80184
80185
80207
80208
80209
80231
80232
80233
80255
80256
80257
80279
80280
80281
80303
80304
80305
80327
80328
80329
80351
80352
80353
80375
80376
80377
80399
80400
80401
80423
80424
80425
80447
80448
80449
80471
80472
80473
80495
80496
80497
80519
80520
80521
80543
80544
80545
80567
80568
80569
80591
80592
80593
80615
80616
80617
80639
80640
80641
80663
80664
80665
80687
80688
80689
80711
80712
80713
80735
80736
80737
80759
80760
80761
80783
80784
80785
80807
80808
80809
80831
80832
80833
80855
80856
80857
80879
80880
80881
80903
80904
80905
80927
80928
80929
80951
80952
80953
80975
80976
80977
80999
81000
81001
81023
81024
81025
81047
81048
81049
81071
81072
81073
81095
81096
81097
81119
81120
81121
81143
81144
81145
81167
81168
81169
81191
81192
81193
81215
81216
81217
81239
81240
81241
81263
81264
81265
81287
81288
81289
81311
81312
81313
81335
81336
81337
81359
81360
81361
81383
81384
81385
81407
81408
81409
81431
81432
81433
81455
81456
81457
81479
81480
81481
81503
81504
81505
81527
81528
81529
81551
81552
81553
81575
81576
81577
81599
81600
81601
81623
81624
81625
81647
81648
81649
81671
81672
81673
81695
81696
81697
81719
81720
81721
81743
81744
81745
81767
81768
81769
81791
81792
81793
81815
81816
81817
81839
81840
81841
81863
81864
81865
81887
81888
81889
81911
81912
81913
81935
81936
81937
81959
81960
81961
81983
81984
81985
82008
82009
82010
82032
82033
82034
82056
82057
82058
82080
82081
82082
82104
82105
82106
82128
82129
82130
82152
82153
82154
82176
82177
82178
82200
82201
82202
82224
82225
82226
82248
82249
82250
82272
82273
82274
82296
82297
82298
82320
82321
82322
82344
82345
82346
82368
82369
82370
82392
82393
82394
82416
82417
82418
82440
82441
82442
82464
82465
82466
82488
82489
82490
82512
82513
82514
82536
82537
82538
82560
82561
82562
82584
82585
82586
82608
82609
82610
82632
82633
82634
82656
82657
82658
82680
82681
82682
82704
82705
82706
82728
82729
82730
82752
82753
82754
82776
82777
82778
82800
82801
82802
82824
82825
82826
82848
82849
82850
82872
82873
82874
82896
82897
82898
82920
82921
82922
82944
82945
82946
82968
82969
82970
82992
82993
82994
83016
83017
83018
83040
83041
83042
83064
83065
83066
83088
83089
83090
83112
83113
83114
83136
83137
83138
83160
83161
83162
83184
83185
83186
83208
83209
83210
83232
83233
83234
83256
83257
83258
83280
83281
83282
83304
83305
83306
83328
83329
83330
83352
83353
83354
83376
83377
83378
83400
83401
83402
83424
83425
83426
83448
83449
83450
83472
83473
83474
83496
83497
83498
83520
83521
83522
83544
83545
83546
83568
83569
83570
83592
83593
83594
83616
83617
83618
83640
83641
83642
83664
83665
83666
83688
83689
83690
83712
83713
83714
83736
83737
83738
83760
83761
83762
83784
83785
83786
83808
83809
83810
83832
83833
83834
83856
83857
83858
83880
83881
83882
83904
83905
83906
83928
83929
83930
83952
83953
83954
83976
83977
83978
84000
84001
84002
84024
84025
84026
84048
84049
84050
84072
84073
84074
84096
84097
84098
84120
84121
84122
84144
84145
84146
84168
84169
84170
84192
84193
84194
84216
84217
84218
84240
84241
84242
84264
84265
84266
84288
84289
84290
84312
84313
84314
84336
84337
84338
84360
84361
84362
84384
84385
84386
84408
84409
84410
84432
84433
84434
84456
84457
84458
84480
84481
84482
84504
84505
84506
84528
84529
84530
84552
84553
84554
84576
84577
84578
84600
84601
84602
84624
84625
84626
84648
84649
84650
84672
84673
84674
84696
84697
84698
84720
84721
84722
84744
84745
84746
84768
84769
84770
84792
84793
84794
84816
84817
84818
84840
84841
84842
84864
84865
84866
84888
84889
84890
84912
84913
84914
84936
84937
84938
84960
84961
84962
84984
84985
84986
85008
85009
85010
85032
85033
85034
85056
85057
85058
85080
85081
85082
85104
85105
85106
85128
85129
85130
85152
85153
85154
85176
85177
85178
85200
85201
85202
85224
85225
85226
85248
85249
85250
85272
85273
85274
85296
85297
85298
85320
85321
85322
85344
85345
85346
85368
85369
85370
85392
85393
85394
85416
85417
85418
85440
85441
85442
85464
85465
85466
85488
85489
85490
85512
85513
85514
85536
85537
85538
85560
85561
85562
85584
85585
85586
85608
85609
85610
85632
85633
85634
85656
85657
85658
85680
85681
85682
85704
85705
85706
85728
85729
85730
85752
85753
85754
85776
85777
85778
85800
85801
85802
85824
85825
85826
85848
85849
85850
85872
85873
85874
85896
85897
85898
85920
85921
85922
85944
85945
85946
85968
85969
85970
85992
85993
85994
86016
86017
86018
86040
86041
86042
86064
86065
86066
86088
86089
86090
86112
86113
86114
86136
86137
86138
86160
86161
86162
86184
86185
86186
86208
86209
86210
86232
86233
86234
86256
86257
86258
86280
86281
86282
86304
86305
86306
86328
86329
86330
86352
86353
86354
86376
86377
86378
86400
86401
86402
86424
86425
86426
86448
86449
86450
86472
86473
86474
86496
86497
86498
86520
86521
86522
86544
86545
86546
86568
86569
86570
86592
86593
86594
86616
86617
86618
86640
86641
86642
86664
86665
86666
86688
86689
86690
86712
86713
86714
86736
86737
86738
86760
86761
86762
86784
86785
86786
86808
86809
86810
86832
86833
86834
86856
86857
86858
86880
86881
86882
86904
86905
86906
86928
86929
86930
86952
86953
86954
86976
86977
86978
87001
87002
87003
87025
87026
87027
87049
87050
87051
87073
87074
87075
87097
87098
87099
87121
87122
87123
87145
87146
87147
87169
87170
87171
87193
87194
87195
87217
87218
87219
87241
87242
87243
87265
87266
87267
87289
87290
87291
87313
87314
87315
87337
87338
87339
87361
87362
87363
87385
87386
87387
87409
87410
87411
87433
87434
87435
87457
87458
87459
87481
87482
87483
87505
87506
87507
87529
87530
87531
87553
87554
87555
87577
87578
87579
87601
87602
87603
87625
87626
87627
87649
87650
87651
87673
87674
87675
87697
87698
87699
87721
87722
87723
87745
87746
87747
87769
87770
87771
87793
87794
87795
87817
87818
87819
87841
87842
87843
87865
87866
87867
87889
87890
87891
87913
87914
87915
87937
87938
87939
87961
87962
87963
87985
87986
87987
88009
88010
88011
88033
88034
88035
88057
88058
88059
88081
88082
88083
88105
88106
88107
88129
88130
88131
88153
88154
88155
88177
88178
88179
88201
88202
88203
88225
88226
88227
88249
88250
88251
88273
88274
88275
88297
88298
88299
88321
88322
88323
88345
88346
88347
88369
88370
88371
88393
88394
88395
88417
88418
88419
88441
88442
88443
88465
88466
88467
88489
88490
88491
88513
88514
88515
88537
88538
88539
88561
88562
88563
88585
88586
88587
88609
88610
88611
88633
88634
88635
88657
88658
88659
88681
88682
88683
88705
88706
88707
88729
88730
88731
88753
88754
88755
88777
88778
88779
88801
88802
88803
88825
88826
88827
88849
88850
88851
88873
88874
88875
88897
88898
88899
88921
88922
88923
88945
88946
88947
88969
88970
88971
88993
88994
88995
89017
89018
89019
89041
89042
89043
89065
89066
89067
89089
89090
89091
89113
89114
89115
89137
89138
89139
89161
89162
89163
89185
89186
89187
89209
89210
89211
89233
89234
89235
89257
89258
89259
89281
89282
89283
89305
89306
89307
89329
89330
89331
89353
89354
89355
89377
89378
89379
89401
89402
89403
89425
89426
89427
89449
89450
89451
89473
89474
89475
89497
89498
89499
89521
89522
89523
89545
89546
89547
89569
89570
89571
89593
89594
89595
89617
89618
89619
89641
89642
89643
89665
89666
89667
89689
89690
89691
89713
89714
89715
89737
89738
89739
89761
89762
89763
89785
89786
89787
89809
89810
89811
89833
89834
89835
89857
89858
89859
89881
89882
89883
89905
89906
89907
89929
89930
89931
89953
89954
89955
89977
89978
89979
90001
90002
90003
90025
90026
90027
90049
90050
90051
90073
90074
90075
90097
90098
90099
90121
90122
90123
90145
90146
90147
90169
90170
90171
90193
90194
90195
90217
90218
90219
90241
90242
90243
90265
90266
90267
90289
90290
90291
90313
90314
90315
90337
90338
90339
90361
90362
90363
90385
90386
90387
90409
90410
90411
90433
90434
90435
90457
90458
90459
90481
90482
90483
90505
90506
90507
90529
90530
90531
90553
90554
90555
90577
90578
90579
90601
90602
90603
90625
90626
90627
90649
90650
90651
90673
90674
90675
90697
90698
90699
90721
90722
90723
90745
90746
90747
90769
90770
90771
90793
90794
90795
90817
90818
90819
90841
90842
90843
90865
90866
90867
90889
90890
90891
90913
90914
90915
90937
90938
90939
90961
90962
90963
90985
90986
90987
91009
91010
91011
91033
91034
91035
91057
91058
91059
91081
91082
91083
91105
91106
91107
91129
91130
91131
91153
91154
91155
91177
91178
91179
91201
91202
91203
91225
91226
91227
91249
91250
91251
91273
91274
91275
91297
91298
91299
91321
91322
91323
91345
91346
91347
91369
91370
91371
91393
91394
91395
91417
91418
91419
91441
91442
91443
91465
91466
91467
91489
91490
91491
91513
91514
91515
91537
91538
91539
91561
91562
91563
91585
91586
91587
91609
91610
91611
91633
91634
91635
91657
91658
91659
91681
91682
91683
91705
91706
91707
91729
91730
91731
91753
91754
91755
91777
91778
91779
91801
91802
91803
91825
91826
91827
91849
91850
91851
91873
91874
91875
91897
91898
91899
91921
91922
91923
91945
91946
91947
91969
91970
91971
91993
91994
91995
92018
92019
92020
92042
92043
92044
92066
92067
92068
92090
92091
92092
92114
92115
92116
92138
92139
92140
92162
92163
92164
92186
92187
92188
92210
92211
92212
92234
92235
92236
92258
92259
92260
92282
92283
92284
92306
92307
92308
92330
92331
92332
92354
92355
92356
92378
92379
92380
92402
92403
92404
92426
92427
92428
92450
92451
92452
92474
92475
92476
92498
92499
92500
92522
92523
92524
92546
92547
92548
92570
92571
92572
92594
92595
92596
92618
92619
92620
92642
92643
92644
92666
92667
92668
92690
92691
92692
92714
92715
92716
92738
92739
92740
92762
92763
92764
92786
92787
92788
92810
92811
92812
92834
92835
92836
92858
92859
92860
92882
92883
92884
92906
92907
92908
92930
92931
92932
92954
92955
92956
92978
92979
92980
93002
93003
93004
93026
93027
93028
93050
93051
93052
93074
93075
93076
93098
93099
93100
93122
93123
93124
93146
93147
93148
93170
93171
93172
93194
93195
93196
93218
93219
93220
93242
93243
93244
93266
93267
93268
93290
93291
93292
93314
93315
93316
93338
93339
93340
93362
93363
93364
93386
93387
93388
93410
93411
93412
93434
93435
93436
93458
93459
93460
93482
93483
93484
93506
93507
93508
93530
93531
93532
93554
93555
93556
93578
93579
93580
93602
93603
93604
93626
93627
93628
93650
93651
93652
93674
93675
93676
93698
93699
93700
93722
93723
93724
93746
93747
93748
93770
93771
93772
93794
93795
93796
93818
93819
93820
93842
93843
93844
93866
93867
93868
93890
93891
93892
93914
93915
93916
93938
93939
93940
93962
93963
93964
93986
93987
93988
94010
94011
94012
94034
94035
94036
94058
94059
94060
94082
94083
94084
94106
94107
94108
94130
94131
94132
94154
94155
94156
94178
94179
94180
94202
94203
94204
94226
94227
94228
94250
94251
94252
94274
94275
94276
94298
94299
94300
94322
94323
94324
94346
94347
94348
94370
94371
94372
94394
94395
94396
94418
94419
94420
94442
94443
94444
94466
94467
94468
94490
94491
94492
94514
94515
94516
94538
94539
94540
94562
94563
94564
94586
94587
94588
94610
94611
94612
94634
94635
94636
94658
94659
94660
94682
94683
94684
94706
94707
94708
94730
94731
94732
94754
94755
94756
94778
94779
94780
94802
94803
94804
94826
94827
94828
94850
94851
94852
94874
94875
94876
94898
94899
94900
94922
94923
94924
94946
94947
94948
94970
94971
94972
94994
94995
94996
95018
95019
95020
95042
95043
95044
95066
95067
95068
95090
95091
95092
95114
95115
95116
95138
95139
95140
95162
95163
95164
95186
95187
95188
95210
95211
95212
95234
95235
95236
95258
95259
95260
95282
95283
95284
95306
95307
95308
95330
95331
95332
95354
95355
95356
95378
95379
95380
95402
95403
95404
95426
95427
95428
95450
95451
95452
95474
95475
95476
95498
95499
95500
95522
95523
95524
95546
95547
95548
95570
95571
95572
95594
95595
95596
95618
95619
95620
95642
95643
95644
95666
95667
95668
95690
95691
95692
95714
95715
95716
95738
95739
95740
95762
95763
95764
95786
95787
95788
95810
95811
95812
95834
95835
95836
95858
95859
95860
95882
95883
95884
95906
95907
95908
95930
95931
95932
95954
95955
95956
95978
95979
95980
96002
96003
96004
96026
96027
96028
96050
96051
96052
96074
96075
96076
96098
96099
96100
96122
96123
96124
96146
96147
96148
96170
96171
96172
96194
96195
96196
96218
96219
96220
96242
96243
96244
96266
96267
96268
96290
96291
96292
96314
96315
96316
96338
96339
96340
96362
96363
96364
96386
96387
96388
96410
96411
96412
96434
96435
96436
96458
96459
96460
96482
96483
96484
96506
96507
96508
96530
96531
96532
96554
96555
96556
96578
96579
96580
96602
96603
96604
96626
96627
96628
96650
96651
96652
96674
96675
96676
96698
96699
96700
96722
96723
96724
96746
96747
96748
96770
96771
96772
96794
96795
96796
96818
96819
96820
96842
96843
96844
96866
96867
96868
96890
96891
96892
96914
96915
96916
96938
96939
96940
96962
96963
96964
96986
96987
96988
97011
97012
97013
97035
97036
97037
97059
97060
97061
97083
97084
97085
97107
97108
97109
97131
97132
97133
97155
97156
97157
97179
97180
97181
97203
97204
97205
97227
97228
97229
97251
97252
97253
97275
97276
97277
97299
97300
97301
97323
97324
97325
97347
97348
97349
97371
97372
97373
97395
97396
97397
97419
97420
97421
97443
97444
97445
97467
97468
97469
97491
97492
97493
97515
97516
97517
97539
97540
97541
97563
97564
97565
97587
97588
97589
97611
97612
97613
97635
97636
97637
97659
97660
97661
97683
97684
97685
97707
97708
97709
97731
97732
97733
97755
97756
97757
97779
97780
97781
97803
97804
97805
97827
97828
97829
97851
97852
97853
97875
97876
97877
97899
97900
97901
97923
97924
97925
97947
97948
97949
97971
97972
97973
97995
97996
97997
98019
98020
98021
98043
98044
98045
98067
98068
98069
98091
98092
98093
98115
98116
98117
98139
98140
98141
98163
98164
98165
98187
98188
98189
98211
98212
98213
98235
98236
98237
98259
98260
98261
98283
98284
98285
98307
98308
98309
98331
98332
98333
98355
98356
98357
98379
98380
98381
98403
98404
98405
98427
98428
98429
98451
98452
98453
98475
98476
98477
98499
98500
98501
98523
98524
98525
98547
98548
98549
98571
98572
98573
98595
98596
98597
98619
98620
98621
98643
98644
98645
98667
98668
98669
98691
98692
98693
98715
98716
98717
98739
98740
98741
98763
98764
98765
98787
98788
98789
98811
98812
98813
98835
98836
98837
98859
98860
98861
98883
98884
98885
98907
98908
98909
98931
98932
98933
98955
98956
98957
98979
98980
98981
99003
99004
99005
99027
99028
99029
99051
99052
99053
99075
99076
99077
99099
99100
99101
99123
99124
99125
99147
99148
99149
99171
99172
99173
99195
99196
99197
99219
99220
99221
99243
99244
99245
99267
99268
99269
99291
99292
99293
99315
99316
99317
99339
99340
99341
99363
99364
99365
99387
99388
99389
99411
99412
99413
99435
99436
99437
99459
99460
99461
99483
99484
99485
99507
99508
99509
99531
99532
99533
99555
99556
99557
99579
99580
99581
99603
99604
99605
99627
99628
99629
99651
99652
99653
99675
99676
99677
99699
99700
99701
99723
99724
99725
99747
99748
99749
99771
99772
99773
99795
99796
99797
99819
99820
99821
99843
99844
99845
99867
99868
99869
99891
99892
99893
99915
99916
99917
99939
99940
99941
99963
99964
99965
99987
99988
99989
100011
100012
100013
100035
100036
100037
100059
100060
100061
100083
100084
100085
100107
100108
100109
100131
100132
100133
100155
100156
100157
100179
100180
100181
100203
100204
100205
100227
100228
100229
100251
100252
100253
100275
100276
100277
100299
100300
100301
100323
100324
100325
100347
100348
100349
100371
100372
100373
100395
100396
100397
100419
100420
100421
100443
100444
100445
100467
100468
100469
100491
100492
100493
100515
100516
100517
100539
100540
100541
100563
100564
100565
100587
100588
100589
100611
100612
100613
100635
100636
100637
100659
100660
100661
100683
100684
100685
100707
100708
100709
100731
100732
100733
100755
100756
100757
100779
100780
100781
100803
100804
100805
100827
100828
100829
100851
100852
100853
100875
100876
100877
100899
100900
100901
100923
100924
100925
100947
100948
100949
100971
100972
100973
100995
100996
100997
101019
101020
101021
101043
101044
101045
101067
101068
101069
101091
101092
101093
101115
101116
101117
101139
101140
101141
101163
101164
101165
101187
101188
101189
101211
101212
101213
101235
101236
101237
101259
101260
101261
101283
101284
101285
101307
101308
101309
101331
101332
101333
101355
101356
101357
101379
101380
101381
101403
101404
101405
101427
101428
101429
101451
101452
101453
101475
101476
101477
101499
101500
101501
101523
101524
101525
101547
101548
101549
101571
101572
101573
101595
101596
101597
101619
101620
101621
101643
101644
101645
101667
101668
101669
101691
101692
101693
101715
101716
101717
101739
101740
101741
101763
101764
101765
101787
101788
101789
101811
101812
101813
101835
101836
101837
101859
101860
101861
101883
101884
101885
101907
101908
101909
101931
101932
101933
101955
101956
101957
101979
101980
101981
102004
102005
102006
102028
102029
102030
102052
102053
102054
102076
102077
102078
102100
102101
102102
102124
102125
102126
102148
102149
102150
102172
102173
102174
102196
102197
102198
102220
102221
102222
102244
102245
102246
102268
102269
102270
102292
102293
102294
102316
102317
102318
102340
102341
102342
102364
102365
102366
102388
102389
102390
102412
102413
102414
102436
102437
102438
102460
102461
102462
102484
102485
102486
102508
102509
102510
102532
102533
102534
102556
102557
102558
102580
102581
102582
102604
102605
102606
102628
102629
102630
102652
102653
102654
102676
102677
102678
102700
102701
102702
102724
102725
102726
102748
102749
102750
102772
102773
102774
102796
102797
102798
102820
102821
102822
102844
102845
102846
102868
102869
102870
102892
102893
102894
102916
102917
102918
102940
102941
102942
102964
102965
102966
102988
102989
102990
103012
103013
103014
103036
103037
103038
103060
103061
103062
103084
103085
103086
103108
103109
103110
103132
103133
103134
103156
103157
103158
103180
103181
103182
103204
103205
103206
103228
103229
103230
103252
103253
103254
103276
103277
103278
103300
103301
103302
103324
103325
103326
103348
103349
103350
103372
103373
103374
103396
103397
103398
103420
103421
103422
103444
103445
103446
103468
103469
103470
103492
103493
103494
103516
103517
103518
103540
103541
103542
103564
103565
103566
103588
103589
103590
103612
103613
103614
103636
103637
103638
103660
103661
103662
103684
103685
103686
103708
103709
103710
103732
103733
103734
103756
103757
103758
103780
103781
103782
103804
103805
103806
103828
103829
103830
103852
103853
103854
103876
103877
103878
103900
103901
103902
103924
103925
103926
103948
103949
103950
103972
103973
103974
103996
103997
103998
104020
104021
104022
104044
104045
104046
104068
104069
104070
104092
104093
104094
104116
104117
104118
104140
104141
104142
104164
104165
104166
104188
104189
104190
104212
104213
104214
104236
104237
104238
104260
104261
104262
104284
104285
104286
104308
104309
104310
104332
104333
104334
104356
104357
104358
104380
104381
104382
104404
104405
104406
104428
104429
104430
104452
104453
104454
104476
104477
104478
104500
104501
104502
104524
104525
104526
104548
104549
104550
104572
104573
104574
104596
104597
104598
104620
104621
104622
104644
104645
104646
104668
104669
104670
104692
104693
104694
104716
104717
104718
104740
104741
104742
104764
104765
104766
104788
104789
104790
104812
104813
104814
104836
104837
104838
104860
104861
104862
104884
104885
104886
104908
104909
104910
104932
104933
104934
104956
104957
104958
104980
104981
104982
105004
105005
105006
105028
105029
105030
105052
105053
105054
105076
105077
105078
105100
105101
105102
105124
105125
105126
105148
105149
105150
105172
105173
105174
105196
105197
105198
105220
105221
105222
105244
105245
105246
105268
105269
105270
105292
105293
105294
105316
105317
105318
105340
105341
105342
105364
105365
105366
105388
105389
105390
105412
105413
105414
105436
105437
105438
105460
105461
105462
105484
105485
105486
105508
105509
105510
105532
105533
105534
105556
105557
105558
105580
105581
105582
105604
105605
105606
105628
105629
105630
105652
105653
105654
105676
105677
105678
105700
105701
105702
105724
105725
105726
105748
105749
105750
105772
105773
105774
105796
105797
105798
105820
105821
105822
105844
105845
105846
105868
105869
105870
105892
105893
105894
105916
105917
105918
105940
105941
105942
105964
105965
105966
105988
105989
105990
106012
106013
106014
106036
106037
106038
106060
106061
106062
106084
106085
106086
106108
106109
106110
106132
106133
106134
106156
106157
106158
106180
106181
106182
106204
106205
106206
106228
106229
106230
106252
106253
106254
106276
106277
106278
106300
106301
106302
106324
106325
106326
106348
106349
106350
106372
106373
106374
106396
106397
106398
106420
106421
106422
106444
106445
106446
106468
106469
106470
106492
106493
106494
106516
106517
106518
106540
106541
106542
106564
106565
106566
106588
106589
106590
106612
106613
106614
106636
106637
106638
106660
106661
106662
106684
106685
106686
106708
106709
106710
106732
106733
106734
106756
106757
106758
106780
106781
106782
106804
106805
106806
106828
106829
106830
106852
106853
106854
106876
106877
106878
106900
106901
106902
106924
106925
106926
106948
106949
106950
106972
106973
106974
106996
106997
106998
107021
107022
107023
107045
107046
107047
107069
107070
107071
107093
107094
107095
107117
107118
107119
107141
107142
107143
107165
107166
107167
107189
107190
107191
107213
107214
107215
107237
107238
107239
107261
107262
107263
107285
107286
107287
107309
107310
107311
107333
107334
107335
107357
107358
107359
107381
107382
107383
107405
107406
107407
107429
107430
107431
107453
107454
107455
107477
107478
107479
107501
107502
107503
107525
107526
107527
107549
107550
107551
107573
107574
107575
107597
107598
107599
107621
107622
107623
107645
107646
107647
107669
107670
107671
107693
107694
107695
107717
107718
107719
107741
107742
107743
107765
107766
107767
107789
107790
107791
107813
107814
107815
107837
107838
107839
107861
107862
107863
107885
107886
107887
107909
107910
107911
107933
107934
107935
107957
107958
107959
107981
107982
107983
108005
108006
108007
108029
108030
108031
108053
108054
108055
108077
108078
108079
108101
108102
108103
108125
108126
108127
108149
108150
108151
108173
108174
108175
108197
108198
108199
108221
108222
108223
108245
108246
108247
108269
108270
108271
108293
108294
108295
108317
108318
108319
108341
108342
108343
108365
108366
108367
108389
108390
108391
108413
108414
108415
108437
108438
108439
108461
108462
108463
108485
108486
108487
108509
108510
108511
108533
108534
108535
108557
108558
108559
108581
108582
108583
108605
108606
108607
108629
108630
108631
108653
108654
108655
108677
108678
108679
108701
108702
108703
108725
108726
108727
108749
108750
108751
108773
108774
108775
108797
108798
108799
108821
108822
108823
108845
108846
108847
108869
108870
108871
108893
108894
108895
108917
108918
108919
108941
108942
108943
108965
108966
108967
108989
108990
108991
109013
109014
109015
109037
109038
109039
109061
109062
109063
109085
109086
109087
109109
109110
109111
109133
109134
109135
109157
109158
109159
109181
109182
109183
109205
109206
109207
109229
109230
109231
109253
109254
109255
109277
109278
109279
109301
109302
109303
109325
109326
109327
109349
109350
109351
109373
109374
109375
109397
109398
109399
109421
109422
109423
109445
109446
109447
109469
109470
109471
109493
109494
109495
109517
109518
109519
109541
109542
109543
109565
109566
109567
109589
109590
109591
109613
109614
109615
109637
109638
109639
109661
109662
109663
109685
109686
109687
109709
109710
109711
109733
109734
109735
109757
109758
109759
109781
109782
109783
109805
109806
109807
109829
109830
109831
109853
109854
109855
109877
109878
109879
109901
109902
109903
109925
109926
109927
109949
109950
109951
109973
109974
109975
109997
109998
109999
110021
110022
110023
110045
110046
110047
110069
110070
110071
110093
110094
110095
110117
110118
110119
110141
110142
110143
110165
110166
110167
110189
110190
110191
110213
110214
110215
110237
110238
110239
110261
110262
110263
110285
110286
110287
110309
110310
110311
110333
110334
110335
110357
110358
110359
110381
110382
110383
110405
110406
110407
110429
110430
110431
110453
110454
110455
110477
110478
110479
110501
110502
110503
110525
110526
110527
110549
110550
110551
110573
110574
110575
110597
110598
110599
110621
110622
110623
110645
110646
110647
110669
110670
110671
110693
110694
110695
110717
110718
110719
110741
110742
110743
110765
110766
110767
110789
110790
110791
110813
110814
110815
110837
110838
110839
110861
110862
110863
110885
110886
110887
110909
110910
110911
110933
110934
110935
110957
110958
110959
110981
110982
110983
111005
111006
111007
111029
111030
111031
111053
111054
111055
111077
111078
111079
111101
111102
111103
111125
111126
111127
111149
111150
111151
111173
111174
111175
111197
111198
111199
111221
111222
111223
111245
111246
111247
111269
111270
111271
111293
111294
111295
111317
111318
111319
111341
111342
111343
111365
111366
111367
111389
111390
111391
111413
111414
111415
111437
111438
111439
111461
111462
111463
111485
111486
111487
111509
111510
111511
111533
111534
111535
111557
111558
111559
111581
111582
111583
111605
111606
111607
111629
111630
111631
111653
111654
111655
111677
111678
111679
111701
111702
111703
111725
111726
111727
111749
111750
111751
111773
111774
111775
111797
111798
111799
111821
111822
111823
111845
111846
111847
111869
111870
111871
111893
111894
111895
111917
111918
111919
111941
111942
111943
111965
111966
111967
111989
111990
111991
112014
112015
112016
112038
112039
112040
112062
112063
112064
112086
112087
112088
112110
112111
112112
112134
112135
112136
112158
112159
112160
112182
112183
112184
112206
112207
112208
112230
112231
112232
112254
112255
112256
112278
112279
112280
112302
112303
112304
112326
112327
112328
112350
112351
112352
112374
112375
112376
112398
112399
112400
112422
112423
112424
112446
112447
112448
112470
112471
112472
112494
112495
112496
112518
112519
112520
112542
112543
112544
112566
112567
112568
112590
112591
112592
112614
112615
112616
112638
112639
112640
112662
112663
112664
112686
112687
112688
112710
112711
112712
112734
112735
112736
112758
112759
112760
112782
112783
112784
112806
112807
112808
112830
112831
112832
112854
112855
112856
112878
112879
112880
112902
112903
112904
112926
112927
112928
112950
112951
112952
112974
112975
112976
112998
112999
113000
113022
113023
113024
113046
113047
113048
113070
113071
113072
113094
113095
113096
113118
113119
113120
113142
113143
113144
113166
113167
113168
113190
113191
113192
113214
113215
113216
113238
113239
113240
113262
113263
113264
113286
113287
113288
113310
113311
113312
113334
113335
113336
113358
113359
113360
113382
113383
113384
113406
113407
113408
113430
113431
113432
113454
113455
113456
113478
113479
113480
113502
113503
113504
113526
113527
113528
113550
113551
113552
113574
113575
113576
113598
113599
113600
113622
113623
113624
113646
113647
113648
113670
113671
113672
113694
113695
113696
113718
113719
113720
113742
113743
113744
113766
113767
113768
113790
113791
113792
113814
113815
113816
113838
113839
113840
113862
113863
113864
113886
113887
113888
113910
113911
113912
113934
113935
113936
113958
113959
113960
113982
113983
113984
114006
114007
114008
114030
114031
114032
114054
114055
114056
114078
114079
114080
114102
114103
114104
114126
114127
114128
114150
114151
114152
114174
114175
114176
114198
114199
114200
114222
114223
114224
114246
114247
114248
114270
114271
114272
114294
114295
114296
114318
114319
114320
114342
114343
114344
114366
114367
114368
114390
114391
114392
114414
114415
114416
114438
114439
114440
114462
114463
114464
114486
114487
114488
114510
114511
114512
114534
114535
114536
114558
114559
114560
114582
114583
114584
114606
114607
114608
114630
114631
114632
114654
114655
114656
114678
114679
114680
114702
114703
114704
114726
114727
114728
114750
114751
114752
114774
114775
114776
114798
114799
114800
114822
114823
114824
114846
114847
114848
114870
114871
114872
114894
114895
114896
114918
114919
114920
114942
114943
114944
114966
114967
114968
114990
114991
114992
115014
115015
115016
115038
115039
115040
115062
115063
115064
115086
115087
115088
115110
115111
115112
115134
115135
115136
115158
115159
115160
115182
115183
115184
115206
115207
115208
115230
115231
115232
115254
115255
115256
115278
115279
115280
115302
115303
115304
115326
115327
115328
115350
115351
115352
115374
115375
115376
115398
115399
115400
115422
115423
115424
115446
115447
115448
115470
115471
115472
115494
115495
115496
115518
115519
115520
115542
115543
115544
115566
115567
115568
115590
115591
115592
115614
115615
115616
115638
115639
115640
115662
115663
115664
115686
115687
115688
115710
115711
115712
115734
115735
115736
115758
115759
115760
115782
115783
115784
115806
115807
115808
115830
115831
115832
115854
115855
115856
115878
115879
115880
115902
115903
115904
115926
115927
115928
115950
115951
115952
115974
115975
115976
115998
115999
116000
116022
116023
116024
116046
116047
116048
116070
116071
116072
116094
116095
116096
116118
116119
116120
116142
116143
116144
116166
116167
116168
116190
116191
116192
116214
116215
116216
116238
116239
116240
116262
116263
116264
116286
116287
116288
116310
116311
116312
116334
116335
116336
116358
116359
116360
116382
116383
116384
116406
116407
116408
116430
116431
116432
116454
116455
116456
116478
116479
116480
116502
116503
116504
116526
116527
116528
116550
116551
116552
116574
116575
116576
116598
116599
116600
116622
116623
116624
116646
116647
116648
116670
116671
116672
116694
116695
116696
116718
116719
116720
116742
116743
116744
116766
116767
116768
116790
116791
116792
116814
116815
116816
116838
116839
116840
116862
116863
116864
116886
116887
116888
116910
116911
116912
116934
116935
116936
116958
116959
116960
116982
116983
116984
117007
117008
117009
117031
117032
117033
117055
117056
117057
117079
117080
117081
117103
117104
117105
117127
117128
117129
117151
117152
117153
117175
117176
117177
117199
117200
117201
117223
117224
117225
117247
117248
117249
117271
117272
117273
117295
117296
117297
117319
117320
117321
117343
117344
117345
117367
117368
117369
117391
117392
117393
117415
117416
117417
117439
117440
117441
117463
117464
117465
117487
117488
117489
117511
117512
117513
117535
117536
117537
117559
117560
117561
117583
117584
117585
117607
117608
117609
117631
117632
117633
117655
117656
117657
117679
117680
117681
117703
117704
117705
117727
117728
117729
117751
117752
117753
117775
117776
117777
117799
117800
117801
117823
117824
117825
117847
117848
117849
117871
117872
117873
117895
117896
117897
117919
117920
117921
117943
117944
117945
117967
117968
117969
117991
117992
117993
118015
118016
118017
118039
118040
118041
118063
118064
118065
118087
118088
118089
118111
118112
118113
118135
118136
118137
118159
118160
118161
118183
118184
118185
118207
118208
118209
118231
118232
118233
118255
118256
118257
118279
118280
118281
118303
118304
118305
118327
118328
118329
118351
118352
118353
118375
118376
118377
118399
118400
118401
118423
118424
118425
118447
118448
118449
118471
118472
118473
118495
118496
118497
118519
118520
118521
118543
118544
118545
118567
118568
118569
118591
118592
118593
118615
118616
118617
118639
118640
118641
118663
118664
118665
118687
118688
118689
118711
118712
118713
118735
118736
118737
118759
118760
118761
118783
118784
118785
118807
118808
118809
118831
118832
118833
118855
118856
118857
118879
118880
118881
118903
118904
118905
118927
118928
118929
118951
118952
118953
118975
118976
118977
118999
119000
119001
119023
119024
119025
119047
119048
119049
119071
119072
119073
119095
119096
119097
119119
119120
119121
119143
119144
119145
119167
119168
119169
119191
119192
119193
119215
119216
119217
119239
119240
119241
119263
119264
119265
119287
119288
119289
119311
119312
119313
119335
119336
119337
119359
119360
119361
119383
119384
119385
119407
119408
119409
119431
119432
119433
119455
119456
119457
119479
119480
119481
119503
119504
119505
119527
119528
119529
119551
119552
119553
119575
119576
119577
119599
119600
119601
119623
119624
119625
119647
119648
119649
119671
119672
119673
119695
119696
119697
119719
119720
119721
119743
119744
119745
119767
119768
119769
119791
119792
119793
119815
119816
119817
119839
119840
119841
119863
119864
119865
119887
119888
119889
119911
119912
119913
119935
119936
119937
119959
119960
119961
119983
119984
119985
120007
120008
120009
120031
120032
120033
120055
120056
120057
120079
120080
120081
120103
120104
120105
120127
120128
120129
120151
120152
120153
120175
120176
120177
120199
120200
120201
120223
120224
120225
120247
120248
120249
120271
120272
120273
120295
120296
120297
120319
120320
120321
120343
120344
120345
120367
120368
120369
120391
120392
120393
120415
120416
120417
120439
120440
120441
120463
120464
120465
120487
120488
120489
120511
120512
120513
120535
120536
120537
120559
120560
120561
120583
120584
120585
120607
120608
120609
120631
120632
120633
120655
120656
120657
120679
120680
120681
120703
120704
120705
120727
120728
120729
120751
120752
120753
120775
120776
120777
120799
120800
120801
120823
120824
120825
120847
120848
120849
120871
120872
120873
120895
120896
120897
120919
120920
120921
120943
120944
120945
120967
120968
120969
120991
120992
120993
121015
121016
121017
121039
121040
121041
121063
121064
121065
121087
121088
121089
121111
121112
121113
121135
121136
121137
121159
121160
121161
121183
121184
121185
121207
121208
121209
121231
121232
121233
121255
121256
121257
121279
121280
121281
121303
121304
121305
121327
121328
121329
121351
121352
121353
121375
121376
121377
121399
121400
121401
121423
121424
121425
121447
121448
121449
121471
121472
121473
121495
121496
121497
121519
121520
121521
121543
121544
121545
121567
121568
121569
121591
121592
121593
121615
121616
121617
121639
121640
121641
121663
121664
121665
121687
121688
121689
121711
121712
121713
121735
121736
121737
121759
121760
121761
121783
121784
121785
121807
121808
121809
121831
121832
121833
121855
121856
121857
121879
121880
121881
121903
121904
121905
121927
121928
121929
121951
121952
121953
121975
121976
121977
122000
122001
122002
